code,name,fund_type,label,time,stock_code,stock_name,stock_proportion,stock_amount,stock_value
	001218,国投瑞银精选收益混合,hh,2020年1季度股票投资明细,2020-03-31,	603517,绝味食品,9.93%,107.49,"5,562.47"
	001218,国投瑞银精选收益混合,hh,2020年1季度股票投资明细,2020-03-31,	300558,贝达药业,7.82%,62.41,"4,381.19"
	001218,国投瑞银精选收益混合,hh,2020年1季度股票投资明细,2020-03-31,	002541,鸿路钢构,7.66%,286.46,"4,291.17"
	001218,国投瑞银精选收益混合,hh,2020年1季度股票投资明细,2020-03-31,	603228,景旺电子,7.43%,95.19,"4,164.68"
	001218,国投瑞银精选收益混合,hh,2020年1季度股票投资明细,2020-03-31,	603708,家家悦,6.80%,117.88,"3,807.60"
	001218,国投瑞银精选收益混合,hh,2020年1季度股票投资明细,2020-03-31,	001914,招商积余,4.99%,118.47,"2,794.71"
	001218,国投瑞银精选收益混合,hh,2020年1季度股票投资明细,2020-03-31,	002597,金禾实业,4.81%,133.19,"2,695.77"
	001218,国投瑞银精选收益混合,hh,2020年1季度股票投资明细,2020-03-31,	603018,中设集团,4.72%,192.07,"2,646.70"
	001218,国投瑞银精选收益混合,hh,2020年1季度股票投资明细,2020-03-31,	002912,中新赛克,4.20%,15.62,"2,351.28"
	001218,国投瑞银精选收益混合,hh,2020年1季度股票投资明细,2020-03-31,	002968,新大正,3.78%,32.84,"2,118.18"
	004448,博时汇智回报灵活配置混合,hh,2020年1季度股票投资明细,2020-03-31,	300014,亿纬锂能,6.88%,12.79,743.23
	004448,博时汇智回报灵活配置混合,hh,2020年1季度股票投资明细,2020-03-31,	002291,星期六,6.80%,33.09,734.27
	004448,博时汇智回报灵活配置混合,hh,2020年1季度股票投资明细,2020-03-31,	002475,立讯精密,6.04%,17.09,652.31
	004448,博时汇智回报灵活配置混合,hh,2020年1季度股票投资明细,2020-03-31,	603986,兆易创新,3.88%,1.73,418.68
	004448,博时汇智回报灵活配置混合,hh,2020年1季度股票投资明细,2020-03-31,	002555,三七互娱,3.00%,9.93,324.15
	004448,博时汇智回报灵活配置混合,hh,2020年1季度股票投资明细,2020-03-31,	300122,智飞生物,2.07%,3.32,223.73
	004448,博时汇智回报灵活配置混合,hh,2020年1季度股票投资明细,2020-03-31,	600276,恒瑞医药,2.06%,2.42,222.71
	004448,博时汇智回报灵活配置混合,hh,2020年1季度股票投资明细,2020-03-31,	002044,美年健康,1.99%,18.22,215.18
	004448,博时汇智回报灵活配置混合,hh,2020年1季度股票投资明细,2020-03-31,	300413,芒果超媒,1.99%,4.92,214.46
	004448,博时汇智回报灵活配置混合,hh,2020年1季度股票投资明细,2020-03-31,	300496,中科创达,1.91%,3.93,206.33
	121005,国投瑞银创新动力混合,hh,2020年1季度股票投资明细,2020-03-31,	603517,绝味食品,9.90%,220.94,"11,433.58"
	121005,国投瑞银创新动力混合,hh,2020年1季度股票投资明细,2020-03-31,	300558,贝达药业,7.82%,128.70,"9,034.74"
	121005,国投瑞银创新动力混合,hh,2020年1季度股票投资明细,2020-03-31,	002541,鸿路钢构,7.62%,587.68,"8,803.43"
	121005,国投瑞银创新动力混合,hh,2020年1季度股票投资明细,2020-03-31,	603228,景旺电子,7.43%,196.32,"8,589.00"
	121005,国投瑞银创新动力混合,hh,2020年1季度股票投资明细,2020-03-31,	603708,家家悦,6.63%,237.27,"7,663.85"
	121005,国投瑞银创新动力混合,hh,2020年1季度股票投资明细,2020-03-31,	001914,招商积余,4.90%,240.11,"5,664.19"
	121005,国投瑞银创新动力混合,hh,2020年1季度股票投资明细,2020-03-31,	002597,金禾实业,4.74%,270.58,"5,476.54"
	121005,国投瑞银创新动力混合,hh,2020年1季度股票投资明细,2020-03-31,	603018,中设集团,4.65%,390.19,"5,376.77"
	121005,国投瑞银创新动力混合,hh,2020年1季度股票投资明细,2020-03-31,	002912,中新赛克,4.45%,34.17,"5,143.38"
	121005,国投瑞银创新动力混合,hh,2020年1季度股票投资明细,2020-03-31,	002968,新大正,3.81%,68.18,"4,397.58"
	007519,东方阿尔法优选混合C,hh,2020年1季度股票投资明细,2020-03-31,	002127,南极电商,9.80%,133.60,"1,549.76"
	007519,东方阿尔法优选混合C,hh,2020年1季度股票投资明细,2020-03-31,	002714,牧原股份,9.79%,12.67,"1,548.40"
	007519,东方阿尔法优选混合C,hh,2020年1季度股票投资明细,2020-03-31,	300003,乐普医疗,9.16%,40.00,"1,448.80"
	007519,东方阿尔法优选混合C,hh,2020年1季度股票投资明细,2020-03-31,	300815,玉禾田,9.07%,12.58,"1,433.74"
	007519,东方阿尔法优选混合C,hh,2020年1季度股票投资明细,2020-03-31,	300059,东方财富,8.26%,81.36,"1,305.83"
	007519,东方阿尔法优选混合C,hh,2020年1季度股票投资明细,2020-03-31,	002481,双塔食品,7.71%,110.35,"1,218.26"
	007519,东方阿尔法优选混合C,hh,2020年1季度股票投资明细,2020-03-31,	06186,中国飞鹤,7.53%,93.70,"1,190.03"
	007519,东方阿尔法优选混合C,hh,2020年1季度股票投资明细,2020-03-31,	300624,万兴科技,7.28%,14.96,"1,151.17"
	007519,东方阿尔法优选混合C,hh,2020年1季度股票投资明细,2020-03-31,	002683,宏大爆破,7.14%,50.00,"1,128.50"
	007519,东方阿尔法优选混合C,hh,2020年1季度股票投资明细,2020-03-31,	002847,盐津铺子,6.40%,18.13,"1,012.56"
	050026,博时医疗保健行业混合A,hh,2020年1季度股票投资明细,2020-03-31,	000661,长春高新,9.32%,58.81,"32,230.51"
	050026,博时医疗保健行业混合A,hh,2020年1季度股票投资明细,2020-03-31,	600276,恒瑞医药,8.99%,337.76,"31,084.40"
	050026,博时医疗保健行业混合A,hh,2020年1季度股票投资明细,2020-03-31,	300760,迈瑞医疗,8.41%,111.10,"29,073.67"
	050026,博时医疗保健行业混合A,hh,2020年1季度股票投资明细,2020-03-31,	300676,华大基因,5.09%,207.74,"17,595.59"
	050026,博时医疗保健行业混合A,hh,2020年1季度股票投资明细,2020-03-31,	603882,金域医学,4.62%,284.06,"15,989.98"
	050026,博时医疗保健行业混合A,hh,2020年1季度股票投资明细,2020-03-31,	300482,万孚生物,3.94%,175.95,"13,639.26"
	050026,博时医疗保健行业混合A,hh,2020年1季度股票投资明细,2020-03-31,	300573,兴齐眼药,3.42%,126.92,"11,817.75"
	050026,博时医疗保健行业混合A,hh,2020年1季度股票投资明细,2020-03-31,	603658,安图生物,3.09%,91.76,"10,689.54"
	050026,博时医疗保健行业混合A,hh,2020年1季度股票投资明细,2020-03-31,	600216,浙江医药,2.55%,469.60,"8,805.04"
	050026,博时医疗保健行业混合A,hh,2020年1季度股票投资明细,2020-03-31,	300463,迈克生物,2.44%,303.55,"8,447.89"
	002943,广发多因子混合,hh,2020年1季度股票投资明细,2020-03-31,	300463,迈克生物,5.39%,26.20,729.15
	002943,广发多因子混合,hh,2020年1季度股票投资明细,2020-03-31,	300696,爱乐达,5.19%,18.37,702.58
	002943,广发多因子混合,hh,2020年1季度股票投资明细,2020-03-31,	002028,思源电气,5.07%,38.11,686.33
	002943,广发多因子混合,hh,2020年1季度股票投资明细,2020-03-31,	600612,老凤祥,5.06%,17.08,684.22
	002943,广发多因子混合,hh,2020年1季度股票投资明细,2020-03-31,	000976,华铁股份,5.05%,136.43,683.51
	002943,广发多因子混合,hh,2020年1季度股票投资明细,2020-03-31,	000002,万科A,4.99%,26.30,674.60
	002943,广发多因子混合,hh,2020年1季度股票投资明细,2020-03-31,	002585,双星新材,4.96%,132.55,670.70
	002943,广发多因子混合,hh,2020年1季度股票投资明细,2020-03-31,	002734,利民股份,4.95%,40.93,670.02
	002943,广发多因子混合,hh,2020年1季度股票投资明细,2020-03-31,	603018,中设集团,4.93%,48.40,666.95
	002943,广发多因子混合,hh,2020年1季度股票投资明细,2020-03-31,	600988,赤峰黄金,4.93%,79.46,666.67
	004559,汇安丰裕灵活配置混合C,hh,2020年1季度股票投资明细,2020-03-31,	300573,兴齐眼药,9.19%,11.00,"1,024.21"
	004559,汇安丰裕灵活配置混合C,hh,2020年1季度股票投资明细,2020-03-31,	603195,公牛集团,5.75%,4.14,640.94
	004559,汇安丰裕灵活配置混合C,hh,2020年1季度股票投资明细,2020-03-31,	300083,劲胜智能,4.89%,125.00,545.00
	004559,汇安丰裕灵活配置混合C,hh,2020年1季度股票投资明细,2020-03-31,	600216,浙江医药,4.88%,28.99,543.64
	004559,汇安丰裕灵活配置混合C,hh,2020年1季度股票投资明细,2020-03-31,	603612,索通发展,4.67%,49.40,521.15
	004559,汇安丰裕灵活配置混合C,hh,2020年1季度股票投资明细,2020-03-31,	300676,华大基因,4.56%,6.00,508.20
	004559,汇安丰裕灵活配置混合C,hh,2020年1季度股票投资明细,2020-03-31,	603393,新天然气,4.42%,13.00,493.22
	004559,汇安丰裕灵活配置混合C,hh,2020年1季度股票投资明细,2020-03-31,	300737,科顺股份,4.19%,25.00,466.75
	004559,汇安丰裕灵活配置混合C,hh,2020年1季度股票投资明细,2020-03-31,	300601,康泰生物,3.90%,3.79,434.33
	004559,汇安丰裕灵活配置混合C,hh,2020年1季度股票投资明细,2020-03-31,	300548,博创科技,3.01%,4.00,335.20
	673050,西部利得新盈混合,hh,2020年1季度股票投资明细,2020-03-31,	600276,恒瑞医药,3.39%,6.00,552.18
	673050,西部利得新盈混合,hh,2020年1季度股票投资明细,2020-03-31,	601816,京沪高铁,3.13%,90.65,509.47
	673050,西部利得新盈混合,hh,2020年1季度股票投资明细,2020-03-31,	603658,安图生物,2.79%,3.90,454.31
	673050,西部利得新盈混合,hh,2020年1季度股票投资明细,2020-03-31,	603666,亿嘉和,2.73%,5.00,445.50
	673050,西部利得新盈混合,hh,2020年1季度股票投资明细,2020-03-31,	603288,海天味业,2.69%,3.50,438.10
	673050,西部利得新盈混合,hh,2020年1季度股票投资明细,2020-03-31,	300550,和仁科技,2.69%,15.80,437.98
	673050,西部利得新盈混合,hh,2020年1季度股票投资明细,2020-03-31,	601658,邮储银行,2.53%,79.66,412.63
	673050,西部利得新盈混合,hh,2020年1季度股票投资明细,2020-03-31,	002311,海大集团,2.47%,10.00,402.00
	673050,西部利得新盈混合,hh,2020年1季度股票投资明细,2020-03-31,	603899,晨光文具,2.41%,8.50,393.55
	673050,西部利得新盈混合,hh,2020年1季度股票投资明细,2020-03-31,	600585,海螺水泥,2.03%,6.00,330.60
	005730,国泰江源优势精选混合,hh,2020年1季度股票投资明细,2020-03-31,	002511,中顺洁柔,6.71%,280.00,"4,746.00"
	005730,国泰江源优势精选混合,hh,2020年1季度股票投资明细,2020-03-31,	000860,顺鑫农业,6.07%,70.00,"4,297.35"
	005730,国泰江源优势精选混合,hh,2020年1季度股票投资明细,2020-03-31,	601933,永辉超市,5.50%,380.00,"3,891.20"
	005730,国泰江源优势精选混合,hh,2020年1季度股票投资明细,2020-03-31,	002507,涪陵榨菜,5.35%,120.01,"3,784.96"
	005730,国泰江源优势精选混合,hh,2020年1季度股票投资明细,2020-03-31,	002714,牧原股份,5.18%,30.00,"3,666.30"
	005730,国泰江源优势精选混合,hh,2020年1季度股票投资明细,2020-03-31,	600872,中炬高新,5.07%,75.00,"3,585.00"
	005730,国泰江源优势精选混合,hh,2020年1季度股票投资明细,2020-03-31,	000401,冀东水泥,4.85%,175.01,"3,431.91"
	005730,国泰江源优势精选混合,hh,2020年1季度股票投资明细,2020-03-31,	600406,国电南瑞,4.47%,160.00,"3,160.00"
	005730,国泰江源优势精选混合,hh,2020年1季度股票投资明细,2020-03-31,	000895,双汇发展,4.44%,80.01,"3,144.21"
	005730,国泰江源优势精选混合,hh,2020年1季度股票投资明细,2020-03-31,	002043,兔宝宝,4.33%,410.00,"3,062.70"
	001128,宝盈新兴产业混合,hh,2020年1季度股票投资明细,2020-03-31,	600276,恒瑞医药,9.63%,126.64,"11,654.58"
	001128,宝盈新兴产业混合,hh,2020年1季度股票投资明细,2020-03-31,	000661,长春高新,9.57%,21.14,"11,582.36"
	001128,宝盈新兴产业混合,hh,2020年1季度股票投资明细,2020-03-31,	300015,爱尔眼科,7.96%,244.69,"9,635.70"
	001128,宝盈新兴产业混合,hh,2020年1季度股票投资明细,2020-03-31,	300413,芒果超媒,7.23%,200.78,"8,751.87"
	001128,宝盈新兴产业混合,hh,2020年1季度股票投资明细,2020-03-31,	603658,安图生物,7.03%,73.03,"8,507.58"
	001128,宝盈新兴产业混合,hh,2020年1季度股票投资明细,2020-03-31,	000333,美的集团,5.60%,140.00,"6,778.80"
	001128,宝盈新兴产业混合,hh,2020年1季度股票投资明细,2020-03-31,	300347,泰格医药,5.23%,98.81,"6,328.52"
	001128,宝盈新兴产业混合,hh,2020年1季度股票投资明细,2020-03-31,	001914,招商积余,5.06%,259.57,"6,123.15"
	001128,宝盈新兴产业混合,hh,2020年1季度股票投资明细,2020-03-31,	603883,老百姓,4.98%,77.34,"6,024.58"
	001128,宝盈新兴产业混合,hh,2020年1季度股票投资明细,2020-03-31,	600161,天坛生物,3.09%,102.93,"3,744.65"
	310308,申万菱信盛利精选混合,hh,2020年1季度股票投资明细,2020-03-31,	300122,智飞生物,7.56%,112.50,"7,581.47"
	310308,申万菱信盛利精选混合,hh,2020年1季度股票投资明细,2020-03-31,	002568,百润股份,6.98%,206.21,"7,005.02"
	310308,申万菱信盛利精选混合,hh,2020年1季度股票投资明细,2020-03-31,	688363,华熙生物,6.19%,81.28,"6,204.74"
	310308,申万菱信盛利精选混合,hh,2020年1季度股票投资明细,2020-03-31,	300737,科顺股份,5.77%,310.05,"5,788.65"
	310308,申万菱信盛利精选混合,hh,2020年1季度股票投资明细,2020-03-31,	603259,药明康德,5.30%,58.76,"5,316.95"
	310308,申万菱信盛利精选混合,hh,2020年1季度股票投资明细,2020-03-31,	300529,健帆生物,5.11%,54.11,"5,122.12"
	310308,申万菱信盛利精选混合,hh,2020年1季度股票投资明细,2020-03-31,	603520,司太立,5.04%,85.72,"5,056.04"
	310308,申万菱信盛利精选混合,hh,2020年1季度股票投资明细,2020-03-31,	603338,浙江鼎力,3.91%,68.28,"3,919.05"
	310308,申万菱信盛利精选混合,hh,2020年1季度股票投资明细,2020-03-31,	300015,爱尔眼科,2.75%,70.12,"2,761.33"
	310308,申万菱信盛利精选混合,hh,2020年1季度股票投资明细,2020-03-31,	000860,顺鑫农业,2.01%,32.77,"2,011.75"
	090015,大成内需增长混合A,hh,2020年1季度股票投资明细,2020-03-31,	600519,贵州茅台,9.73%,2.44,"2,710.84"
	090015,大成内需增长混合A,hh,2020年1季度股票投资明细,2020-03-31,	300760,迈瑞医疗,5.62%,5.98,"1,564.97"
	090015,大成内需增长混合A,hh,2020年1季度股票投资明细,2020-03-31,	002555,三七互娱,4.78%,40.80,"1,332.53"
	090015,大成内需增长混合A,hh,2020年1季度股票投资明细,2020-03-31,	600436,片仔癀,4.06%,9.10,"1,131.13"
	090015,大成内需增长混合A,hh,2020年1季度股票投资明细,2020-03-31,	603517,绝味食品,3.65%,19.67,"1,017.74"
	090015,大成内需增长混合A,hh,2020年1季度股票投资明细,2020-03-31,	600690,海尔智家,3.60%,69.72,"1,003.97"
	090015,大成内需增长混合A,hh,2020年1季度股票投资明细,2020-03-31,	002607,中公教育,3.32%,40.62,924.92
	090015,大成内需增长混合A,hh,2020年1季度股票投资明细,2020-03-31,	300144,宋城演艺,3.23%,35.99,899.03
	090015,大成内需增长混合A,hh,2020年1季度股票投资明细,2020-03-31,	600276,恒瑞医药,3.15%,9.54,877.97
	090015,大成内需增长混合A,hh,2020年1季度股票投资明细,2020-03-31,	300451,创业慧康,3.11%,41.87,866.29
	673043,西部利得行业主题优选混合C,hh,2020年1季度股票投资明细,2020-03-31,	603666,亿嘉和,2.92%,9.90,881.91
	673043,西部利得行业主题优选混合C,hh,2020年1季度股票投资明细,2020-03-31,	300550,和仁科技,2.76%,30.00,831.58
	673043,西部利得行业主题优选混合C,hh,2020年1季度股票投资明细,2020-03-31,	002311,海大集团,2.13%,16.00,643.20
	673043,西部利得行业主题优选混合C,hh,2020年1季度股票投资明细,2020-03-31,	603288,海天味业,2.07%,5.00,625.85
	673043,西部利得行业主题优选混合C,hh,2020年1季度股票投资明细,2020-03-31,	603899,晨光文具,1.92%,12.50,578.75
	673043,西部利得行业主题优选混合C,hh,2020年1季度股票投资明细,2020-03-31,	600276,恒瑞医药,1.83%,6.00,552.18
	673043,西部利得行业主题优选混合C,hh,2020年1季度股票投资明细,2020-03-31,	603568,伟明环保,1.80%,19.00,541.88
	673043,西部利得行业主题优选混合C,hh,2020年1季度股票投资明细,2020-03-31,	601816,京沪高铁,1.69%,90.65,509.47
	673043,西部利得行业主题优选混合C,hh,2020年1季度股票投资明细,2020-03-31,	603317,天味食品,1.66%,10.00,499.80
	673043,西部利得行业主题优选混合C,hh,2020年1季度股票投资明细,2020-03-31,	603345,安井食品,1.54%,5.43,466.00
	001076,易方达改革红利混合,hh,2020年1季度股票投资明细,2020-03-31,	600519,贵州茅台,10.18%,10.00,"11,114.89"
	001076,易方达改革红利混合,hh,2020年1季度股票投资明细,2020-03-31,	000568,泸州老窖,9.93%,147.19,"10,840.60"
	001076,易方达改革红利混合,hh,2020年1季度股票投资明细,2020-03-31,	000858,五粮液,9.80%,92.88,"10,699.98"
	001076,易方达改革红利混合,hh,2020年1季度股票投资明细,2020-03-31,	000651,格力电器,9.33%,195.02,"10,179.98"
	001076,易方达改革红利混合,hh,2020年1季度股票投资明细,2020-03-31,	000333,美的集团,5.87%,132.25,"6,403.32"
	001076,易方达改革红利混合,hh,2020年1季度股票投资明细,2020-03-31,	600161,天坛生物,5.46%,163.82,"5,959.90"
	001076,易方达改革红利混合,hh,2020年1季度股票投资明细,2020-03-31,	002304,洋河股份,5.07%,66.02,"5,537.47"
	001076,易方达改革红利混合,hh,2020年1季度股票投资明细,2020-03-31,	600004,白云机场,4.87%,423.30,"5,312.40"
	001076,易方达改革红利混合,hh,2020年1季度股票投资明细,2020-03-31,	600009,上海机场,4.83%,86.78,"5,276.83"
	001076,易方达改革红利混合,hh,2020年1季度股票投资明细,2020-03-31,	000596,古井贡酒,4.75%,45.40,"5,186.40"
	006305,银华尊和养老2035混合(FOF),hh,2020年1季度股票投资明细,2020-03-31,	300122,智飞生物,1.17%,4.37,294.49
	006305,银华尊和养老2035混合(FOF),hh,2020年1季度股票投资明细,2020-03-31,	000403,双林生物,1.15%,7.73,290.80
	006305,银华尊和养老2035混合(FOF),hh,2020年1季度股票投资明细,2020-03-31,	600988,赤峰黄金,1.08%,32.46,272.34
	006305,银华尊和养老2035混合(FOF),hh,2020年1季度股票投资明细,2020-03-31,	601601,中国太保,1.04%,9.25,261.04
	006305,银华尊和养老2035混合(FOF),hh,2020年1季度股票投资明细,2020-03-31,	601888,中国国旅,0.85%,3.19,214.05
	006305,银华尊和养老2035混合(FOF),hh,2020年1季度股票投资明细,2020-03-31,	600176,中国巨石,0.83%,26.33,208.01
	006305,银华尊和养老2035混合(FOF),hh,2020年1季度股票投资明细,2020-03-31,	000636,风华高科,0.75%,11.59,188.92
	006305,银华尊和养老2035混合(FOF),hh,2020年1季度股票投资明细,2020-03-31,	600346,恒力石化,0.74%,14.85,185.33
	006305,银华尊和养老2035混合(FOF),hh,2020年1季度股票投资明细,2020-03-31,	601012,隆基股份,0.31%,3.11,77.25
	006305,银华尊和养老2035混合(FOF),hh,2020年1季度股票投资明细,2020-03-31,	300630,普利制药,0.29%,1.15,73.44
	001437,易方达瑞享混合I,hh,2020年1季度股票投资明细,2020-03-31,	600570,恒生电子,10.11%,16.10,"1,414.93"
	001437,易方达瑞享混合I,hh,2020年1季度股票投资明细,2020-03-31,	002410,广联达,9.96%,32.65,"1,393.01"
	001437,易方达瑞享混合I,hh,2020年1季度股票投资明细,2020-03-31,	002415,海康威视,9.78%,49.04,"1,368.22"
	001437,易方达瑞享混合I,hh,2020年1季度股票投资明细,2020-03-31,	002153,石基信息,9.37%,45.27,"1,311.13"
	001437,易方达瑞享混合I,hh,2020年1季度股票投资明细,2020-03-31,	600967,内蒙一机,9.28%,142.59,"1,298.99"
	001437,易方达瑞享混合I,hh,2020年1季度股票投资明细,2020-03-31,	600588,用友网络,7.66%,26.49,"1,071.79"
	001437,易方达瑞享混合I,hh,2020年1季度股票投资明细,2020-03-31,	600845,宝信软件,6.23%,21.93,871.72
	001437,易方达瑞享混合I,hh,2020年1季度股票投资明细,2020-03-31,	300699,光威复材,5.78%,16.30,808.09
	001437,易方达瑞享混合I,hh,2020年1季度股票投资明细,2020-03-31,	603960,克来机电,5.16%,24.96,721.90
	001437,易方达瑞享混合I,hh,2020年1季度股票投资明细,2020-03-31,	300113,顺网科技,5.09%,33.16,712.68
	007779,银华尊和养老2030混合(FOF),hh,2020年1季度股票投资明细,2020-03-31,	000403,双林生物,1.13%,0.45,16.93
	007779,银华尊和养老2030混合(FOF),hh,2020年1季度股票投资明细,2020-03-31,	300122,智飞生物,0.58%,0.13,8.76
	007779,银华尊和养老2030混合(FOF),hh,2020年1季度股票投资明细,2020-03-31,	600988,赤峰黄金,0.53%,0.94,7.89
	007779,银华尊和养老2030混合(FOF),hh,2020年1季度股票投资明细,2020-03-31,	601601,中国太保,0.51%,0.27,7.62
	007779,银华尊和养老2030混合(FOF),hh,2020年1季度股票投资明细,2020-03-31,	601888,中国国旅,0.40%,0.09,6.05
	007779,银华尊和养老2030混合(FOF),hh,2020年1季度股票投资明细,2020-03-31,	600176,中国巨石,0.40%,0.76,6.00
	007779,银华尊和养老2030混合(FOF),hh,2020年1季度股票投资明细,2020-03-31,	000636,风华高科,0.38%,0.35,5.71
	007779,银华尊和养老2030混合(FOF),hh,2020年1季度股票投资明细,2020-03-31,	600346,恒力石化,0.36%,0.43,5.37
	007779,银华尊和养老2030混合(FOF),hh,2020年1季度股票投资明细,2020-03-31,	601012,隆基股份,0.30%,0.18,4.47
	007779,银华尊和养老2030混合(FOF),hh,2020年1季度股票投资明细,2020-03-31,	300630,普利制药,0.30%,0.07,4.47
	004895,华商鑫安灵活混合,hh,2020年1季度股票投资明细,2020-03-31,	300630,普利制药,8.99%,22.00,"1,404.60"
	004895,华商鑫安灵活混合,hh,2020年1季度股票投资明细,2020-03-31,	603707,健友股份,7.11%,22.00,"1,110.56"
	004895,华商鑫安灵活混合,hh,2020年1季度股票投资明细,2020-03-31,	000977,浪潮信息,5.97%,24.05,932.71
	004895,华商鑫安灵活混合,hh,2020年1季度股票投资明细,2020-03-31,	000063,中兴通讯,5.48%,20.00,856.00
	004895,华商鑫安灵活混合,hh,2020年1季度股票投资明细,2020-03-31,	603019,中科曙光,5.04%,18.01,786.50
	004895,华商鑫安灵活混合,hh,2020年1季度股票投资明细,2020-03-31,	002332,仙琚制药,4.02%,45.00,628.20
	004895,华商鑫安灵活混合,hh,2020年1季度股票投资明细,2020-03-31,	300575,中旗股份,3.93%,21.90,614.18
	004895,华商鑫安灵活混合,hh,2020年1季度股票投资明细,2020-03-31,	300702,天宇股份,3.83%,7.00,598.61
	004895,华商鑫安灵活混合,hh,2020年1季度股票投资明细,2020-03-31,	002409,雅克科技,3.69%,18.60,576.79
	004895,华商鑫安灵活混合,hh,2020年1季度股票投资明细,2020-03-31,	002507,涪陵榨菜,3.64%,18.00,567.72
	163803,中银持续增长混合A,hh,2020年1季度股票投资明细,2020-03-31,	300014,亿纬锂能,7.93%,234.59,"12,170.56"
	163803,中银持续增长混合A,hh,2020年1季度股票投资明细,2020-03-31,	600036,招商银行,6.68%,317.65,"10,253.60"
	163803,中银持续增长混合A,hh,2020年1季度股票投资明细,2020-03-31,	600519,贵州茅台,6.27%,8.65,"9,610.93"
	163803,中银持续增长混合A,hh,2020年1季度股票投资明细,2020-03-31,	600276,恒瑞医药,5.84%,97.35,"8,959.33"
	163803,中银持续增长混合A,hh,2020年1季度股票投资明细,2020-03-31,	603517,绝味食品,5.27%,156.07,"8,076.46"
	163803,中银持续增长混合A,hh,2020年1季度股票投资明细,2020-03-31,	002555,三七互娱,5.04%,236.89,"7,736.79"
	163803,中银持续增长混合A,hh,2020年1季度股票投资明细,2020-03-31,	002507,涪陵榨菜,3.61%,175.52,"5,536.01"
	163803,中银持续增长混合A,hh,2020年1季度股票投资明细,2020-03-31,	000002,万科A,3.33%,199.09,"5,106.72"
	163803,中银持续增长混合A,hh,2020年1季度股票投资明细,2020-03-31,	002568,百润股份,3.11%,140.48,"4,772.24"
	163803,中银持续增长混合A,hh,2020年1季度股票投资明细,2020-03-31,	002439,启明星辰,2.90%,120.28,"4,450.47"
	005910,广发龙头优选混合,hh,2020年1季度股票投资明细,2020-03-31,	601933,永辉超市,9.95%,89.00,911.36
	005910,广发龙头优选混合,hh,2020年1季度股票投资明细,2020-03-31,	600519,贵州茅台,9.34%,0.77,855.47
	005910,广发龙头优选混合,hh,2020年1季度股票投资明细,2020-03-31,	600004,白云机场,6.99%,51.00,640.05
	005910,广发龙头优选混合,hh,2020年1季度股票投资明细,2020-03-31,	000858,五粮液,6.29%,5.00,576.00
	005910,广发龙头优选混合,hh,2020年1季度股票投资明细,2020-03-31,	600309,万华化学,5.99%,13.30,548.63
	005910,广发龙头优选混合,hh,2020年1季度股票投资明细,2020-03-31,	000661,长春高新,5.98%,1.00,548.00
	005910,广发龙头优选混合,hh,2020年1季度股票投资明细,2020-03-31,	603517,绝味食品,5.65%,10.00,517.50
	005910,广发龙头优选混合,hh,2020年1季度股票投资明细,2020-03-31,	601816,京沪高铁,5.56%,90.65,509.47
	005910,广发龙头优选混合,hh,2020年1季度股票投资明细,2020-03-31,	600031,三一重工,5.29%,28.00,484.40
	005910,广发龙头优选混合,hh,2020年1季度股票投资明细,2020-03-31,	002078,太阳纸业,4.98%,52.00,456.56
	006408,汇添富消费升级混合,hh,2020年1季度股票投资明细,2020-03-31,	600519,贵州茅台,7.09%,4.60,"5,110.71"
	006408,汇添富消费升级混合,hh,2020年1季度股票投资明细,2020-03-31,	06098,碧桂园服务,5.82%,145.70,"4,193.47"
	006408,汇添富消费升级混合,hh,2020年1季度股票投资明细,2020-03-31,	00700,腾讯控股,5.17%,10.73,"3,727.48"
	006408,汇添富消费升级混合,hh,2020年1季度股票投资明细,2020-03-31,	000858,五粮液,4.16%,26.03,"2,998.66"
	006408,汇添富消费升级混合,hh,2020年1季度股票投资明细,2020-03-31,	02331,李宁,4.02%,140.00,"2,897.34"
	006408,汇添富消费升级混合,hh,2020年1季度股票投资明细,2020-03-31,	603444,吉比特,3.32%,5.83,"2,392.57"
	006408,汇添富消费升级混合,hh,2020年1季度股票投资明细,2020-03-31,	002695,煌上煌,2.76%,90.00,"1,987.10"
	006408,汇添富消费升级混合,hh,2020年1季度股票投资明细,2020-03-31,	01579,颐海国际,2.51%,33.70,"1,807.47"
	006408,汇添富消费升级混合,hh,2020年1季度股票投资明细,2020-03-31,	03888,金山软件,2.44%,76.10,"1,759.17"
	006408,汇添富消费升级混合,hh,2020年1季度股票投资明细,2020-03-31,	06186,中国飞鹤,2.31%,131.10,"1,665.03"
	000477,广发主题领先混合,hh,2020年1季度股票投资明细,2020-03-31,	600519,贵州茅台,6.44%,4.60,"5,110.60"
	000477,广发主题领先混合,hh,2020年1季度股票投资明细,2020-03-31,	000858,五粮液,4.93%,33.97,"3,913.34"
	000477,广发主题领先混合,hh,2020年1季度股票投资明细,2020-03-31,	000661,长春高新,4.93%,7.14,"3,912.72"
	000477,广发主题领先混合,hh,2020年1季度股票投资明细,2020-03-31,	000860,顺鑫农业,4.57%,59.05,"3,625.32"
	000477,广发主题领先混合,hh,2020年1季度股票投资明细,2020-03-31,	300357,我武生物,4.47%,79.54,"3,546.82"
	000477,广发主题领先混合,hh,2020年1季度股票投资明细,2020-03-31,	601318,中国平安,3.28%,37.68,"2,606.33"
	000477,广发主题领先混合,hh,2020年1季度股票投资明细,2020-03-31,	603589,口子窖,3.08%,59.00,"2,440.24"
	000477,广发主题领先混合,hh,2020年1季度股票投资明细,2020-03-31,	600036,招商银行,2.79%,68.61,"2,214.73"
	000477,广发主题领先混合,hh,2020年1季度股票投资明细,2020-03-31,	300015,爱尔眼科,2.41%,48.47,"1,908.93"
	000477,广发主题领先混合,hh,2020年1季度股票投资明细,2020-03-31,	002410,广联达,2.38%,44.20,"1,885.83"
	003032,平安医疗健康混合,hh,2020年1季度股票投资明细,2020-03-31,	600436,片仔癀,6.75%,3.24,402.73
	003032,平安医疗健康混合,hh,2020年1季度股票投资明细,2020-03-31,	600521,华海药业,6.03%,14.00,359.88
	003032,平安医疗健康混合,hh,2020年1季度股票投资明细,2020-03-31,	000661,长春高新,5.78%,0.63,345.24
	003032,平安医疗健康混合,hh,2020年1季度股票投资明细,2020-03-31,	600763,通策医疗,5.34%,2.96,319.03
	003032,平安医疗健康混合,hh,2020年1季度股票投资明细,2020-03-31,	600276,恒瑞医药,5.22%,3.39,311.59
	003032,平安医疗健康混合,hh,2020年1季度股票投资明细,2020-03-31,	300529,健帆生物,5.04%,3.18,301.05
	003032,平安医疗健康混合,hh,2020年1季度股票投资明细,2020-03-31,	002007,华兰生物,5.02%,6.25,299.38
	003032,平安医疗健康混合,hh,2020年1季度股票投资明细,2020-03-31,	002821,凯莱英,4.75%,1.65,283.29
	003032,平安医疗健康混合,hh,2020年1季度股票投资明细,2020-03-31,	300725,药石科技,4.40%,3.62,262.45
	003032,平安医疗健康混合,hh,2020年1季度股票投资明细,2020-03-31,	300122,智飞生物,4.31%,3.82,257.43
	001445,华安国企改革主题灵活配置混合,hh,2020年1季度股票投资明细,2020-03-31,	002714,牧原股份,6.64%,15.54,"1,899.38"
	001445,华安国企改革主题灵活配置混合,hh,2020年1季度股票投资明细,2020-03-31,	600519,贵州茅台,5.45%,1.40,"1,557.84"
	001445,华安国企改革主题灵活配置混合,hh,2020年1季度股票投资明细,2020-03-31,	601666,平煤股份,3.90%,268.40,"1,116.54"
	001445,华安国企改革主题灵活配置混合,hh,2020年1季度股票投资明细,2020-03-31,	002507,涪陵榨菜,3.64%,33.00,"1,040.82"
	001445,华安国企改革主题灵活配置混合,hh,2020年1季度股票投资明细,2020-03-31,	000756,新华制药,3.53%,82.46,"1,008.53"
	001445,华安国企改革主题灵活配置混合,hh,2020年1季度股票投资明细,2020-03-31,	000860,顺鑫农业,3.37%,15.71,964.44
	001445,华安国企改革主题灵活配置混合,hh,2020年1季度股票投资明细,2020-03-31,	600859,王府井,3.25%,76.30,928.56
	001445,华安国企改革主题灵活配置混合,hh,2020年1季度股票投资明细,2020-03-31,	000661,长春高新,3.06%,1.60,876.36
	001445,华安国企改革主题灵活配置混合,hh,2020年1季度股票投资明细,2020-03-31,	600377,宁沪高速,3.03%,88.35,867.60
	001445,华安国企改革主题灵活配置混合,hh,2020年1季度股票投资明细,2020-03-31,	600031,三一重工,2.79%,46.19,799.09
	006136,广发估值优势混合,hh,2020年1季度股票投资明细,2020-03-31,	00700,腾讯控股,9.75%,2.49,865.00
	006136,广发估值优势混合,hh,2020年1季度股票投资明细,2020-03-31,	03690,美团点评-W,7.23%,7.49,640.90
	006136,广发估值优势混合,hh,2020年1季度股票投资明细,2020-03-31,	600048,保利地产,5.85%,34.91,519.11
	006136,广发估值优势混合,hh,2020年1季度股票投资明细,2020-03-31,	03323,中国建材,5.74%,65.80,509.23
	006136,广发估值优势混合,hh,2020年1季度股票投资明细,2020-03-31,	06169,宇华教育,5.71%,96.60,506.63
	006136,广发估值优势混合,hh,2020年1季度股票投资明细,2020-03-31,	002507,涪陵榨菜,5.15%,14.48,456.70
	006136,广发估值优势混合,hh,2020年1季度股票投资明细,2020-03-31,	06049,保利物业,5.04%,7.40,446.59
	006136,广发估值优势混合,hh,2020年1季度股票投资明细,2020-03-31,	000656,金科股份,4.98%,55.52,441.94
	006136,广发估值优势混合,hh,2020年1季度股票投资明细,2020-03-31,	000858,五粮液,4.98%,3.83,441.22
	006136,广发估值优势混合,hh,2020年1季度股票投资明细,2020-03-31,	002007,华兰生物,4.26%,7.88,377.61
	202007,南方隆元产业主题混合,hh,2020年1季度股票投资明细,2020-03-31,	002714,牧原股份,6.98%,116.54,"14,241.84"
	202007,南方隆元产业主题混合,hh,2020年1季度股票投资明细,2020-03-31,	000661,长春高新,6.78%,25.26,"13,839.96"
	202007,南方隆元产业主题混合,hh,2020年1季度股票投资明细,2020-03-31,	300413,芒果超媒,6.70%,313.45,"13,663.30"
	202007,南方隆元产业主题混合,hh,2020年1季度股票投资明细,2020-03-31,	600519,贵州茅台,5.04%,9.26,"10,285.75"
	202007,南方隆元产业主题混合,hh,2020年1季度股票投资明细,2020-03-31,	000063,中兴通讯,3.72%,177.38,"7,591.80"
	202007,南方隆元产业主题混合,hh,2020年1季度股票投资明细,2020-03-31,	688111,金山办公,3.39%,30.89,"6,915.34"
	202007,南方隆元产业主题混合,hh,2020年1季度股票投资明细,2020-03-31,	000625,长安汽车,3.01%,580.53,"6,142.01"
	202007,南方隆元产业主题混合,hh,2020年1季度股票投资明细,2020-03-31,	002007,华兰生物,2.47%,105.22,"5,042.14"
	202007,南方隆元产业主题混合,hh,2020年1季度股票投资明细,2020-03-31,	002127,南极电商,2.39%,421.09,"4,884.64"
	202007,南方隆元产业主题混合,hh,2020年1季度股票投资明细,2020-03-31,	300815,玉禾田,2.13%,38.21,"4,354.70"
	001140,工银总回报灵活配置混合,hh,2020年1季度股票投资明细,2020-03-31,	002568,百润股份,6.87%,111.98,"3,804.01"
	001140,工银总回报灵活配置混合,hh,2020年1季度股票投资明细,2020-03-31,	000002,万科A,4.63%,99.99,"2,564.81"
	001140,工银总回报灵活配置混合,hh,2020年1季度股票投资明细,2020-03-31,	600036,招商银行,3.83%,65.73,"2,121.76"
	001140,工银总回报灵活配置混合,hh,2020年1季度股票投资明细,2020-03-31,	300750,宁德时代,3.16%,14.51,"1,746.86"
	001140,工银总回报灵活配置混合,hh,2020年1季度股票投资明细,2020-03-31,	000333,美的集团,2.68%,30.62,"1,482.62"
	001140,工银总回报灵活配置混合,hh,2020年1季度股票投资明细,2020-03-31,	002385,大北农,2.50%,160.12,"1,385.04"
	001140,工银总回报灵活配置混合,hh,2020年1季度股票投资明细,2020-03-31,	600031,三一重工,2.50%,80.00,"1,384.00"
	001140,工银总回报灵活配置混合,hh,2020年1季度股票投资明细,2020-03-31,	300630,普利制药,2.31%,20.00,"1,277.20"
	001140,工银总回报灵活配置混合,hh,2020年1季度股票投资明细,2020-03-31,	002555,三七互娱,2.25%,38.18,"1,246.96"
	001140,工银总回报灵活配置混合,hh,2020年1季度股票投资明细,2020-03-31,	000858,五粮液,2.06%,9.91,"1,141.63"
	160512,博时卓越品牌混合(LOF),hh,2020年1季度股票投资明细,2020-03-31,	000860,顺鑫农业,8.20%,36.01,"2,210.56"
	160512,博时卓越品牌混合(LOF),hh,2020年1季度股票投资明细,2020-03-31,	000895,双汇发展,8.02%,55.01,"2,161.79"
	160512,博时卓越品牌混合(LOF),hh,2020年1季度股票投资明细,2020-03-31,	600519,贵州茅台,7.83%,1.90,"2,110.90"
	160512,博时卓越品牌混合(LOF),hh,2020年1季度股票投资明细,2020-03-31,	000858,五粮液,7.59%,17.78,"2,048.26"
	160512,博时卓越品牌混合(LOF),hh,2020年1季度股票投资明细,2020-03-31,	002044,美年健康,7.44%,170.00,"2,007.70"
	160512,博时卓越品牌混合(LOF),hh,2020年1季度股票投资明细,2020-03-31,	600763,通策医疗,6.79%,17.00,"1,832.26"
	160512,博时卓越品牌混合(LOF),hh,2020年1季度股票投资明细,2020-03-31,	000651,格力电器,6.39%,33.00,"1,722.60"
	160512,博时卓越品牌混合(LOF),hh,2020年1季度股票投资明细,2020-03-31,	002555,三七互娱,6.05%,50.00,"1,633.00"
	160512,博时卓越品牌混合(LOF),hh,2020年1季度股票投资明细,2020-03-31,	300144,宋城演艺,5.65%,61.00,"1,523.78"
	160512,博时卓越品牌混合(LOF),hh,2020年1季度股票投资明细,2020-03-31,	000568,泸州老窖,4.92%,18.00,"1,325.70"
	005538,中航新起航灵活配置混合C,hh,2020年1季度股票投资明细,2020-03-31,	600519,贵州茅台,6.55%,0.59,655.49
	005538,中航新起航灵活配置混合C,hh,2020年1季度股票投资明细,2020-03-31,	600036,招商银行,5.57%,17.26,557.15
	005538,中航新起航灵活配置混合C,hh,2020年1季度股票投资明细,2020-03-31,	601318,中国平安,5.56%,8.04,556.13
	005538,中航新起航灵活配置混合C,hh,2020年1季度股票投资明细,2020-03-31,	601628,中国人寿,4.26%,16.21,426.87
	005538,中航新起航灵活配置混合C,hh,2020年1季度股票投资明细,2020-03-31,	600276,恒瑞医药,3.67%,3.99,367.36
	005538,中航新起航灵活配置混合C,hh,2020年1季度股票投资明细,2020-03-31,	600000,浦发银行,2.95%,29.08,295.16
	005538,中航新起航灵活配置混合C,hh,2020年1季度股票投资明细,2020-03-31,	600887,伊利股份,2.74%,9.17,273.82
	005538,中航新起航灵活配置混合C,hh,2020年1季度股票投资明细,2020-03-31,	600030,中信证券,2.00%,9.03,200.10
	005538,中航新起航灵活配置混合C,hh,2020年1季度股票投资明细,2020-03-31,	601328,交通银行,1.78%,34.59,178.48
	005538,中航新起航灵活配置混合C,hh,2020年1季度股票投资明细,2020-03-31,	600016,民生银行,1.78%,31.25,178.44
	006952,中银景元回报混合,hh,2020年1季度股票投资明细,2020-03-31,	600900,长江电力,5.30%,105.69,"1,827.38"
	006952,中银景元回报混合,hh,2020年1季度股票投资明细,2020-03-31,	600674,川投能源,2.31%,86.59,796.63
	006952,中银景元回报混合,hh,2020年1季度股票投资明细,2020-03-31,	600886,国投电力,1.88%,81.54,647.43
	006952,中银景元回报混合,hh,2020年1季度股票投资明细,2020-03-31,	601088,中国神华,1.81%,38.33,622.48
	006952,中银景元回报混合,hh,2020年1季度股票投资明细,2020-03-31,	600025,华能水电,1.70%,160.59,584.55
	006952,中银景元回报混合,hh,2020年1季度股票投资明细,2020-03-31,	000333,美的集团,1.60%,11.41,552.47
	006952,中银景元回报混合,hh,2020年1季度股票投资明细,2020-03-31,	600298,安琪酵母,1.34%,13.08,460.42
	006952,中银景元回报混合,hh,2020年1季度股票投资明细,2020-03-31,	603233,大参林,1.30%,7.11,447.93
	006952,中银景元回报混合,hh,2020年1季度股票投资明细,2020-03-31,	601318,中国平安,1.20%,5.98,413.64
	006952,中银景元回报混合,hh,2020年1季度股票投资明细,2020-03-31,	601658,邮储银行,1.20%,79.66,412.63
	217013,招商中小盘混合,hh,2020年1季度股票投资明细,2020-03-31,	002475,立讯精密,4.54%,19.81,755.95
	217013,招商中小盘混合,hh,2020年1季度股票投资明细,2020-03-31,	600519,贵州茅台,4.40%,0.66,732.26
	217013,招商中小盘混合,hh,2020年1季度股票投资明细,2020-03-31,	600845,宝信软件,3.73%,15.63,621.34
	217013,招商中小盘混合,hh,2020年1季度股票投资明细,2020-03-31,	300347,泰格医药,3.25%,8.44,540.58
	217013,招商中小盘混合,hh,2020年1季度股票投资明细,2020-03-31,	300760,迈瑞医疗,3.24%,2.06,539.10
	217013,招商中小盘混合,hh,2020年1季度股票投资明细,2020-03-31,	600048,保利地产,3.20%,35.82,532.64
	217013,招商中小盘混合,hh,2020年1季度股票投资明细,2020-03-31,	603658,安图生物,3.08%,4.40,512.51
	217013,招商中小盘混合,hh,2020年1季度股票投资明细,2020-03-31,	002714,牧原股份,2.92%,3.98,486.40
	217013,招商中小盘混合,hh,2020年1季度股票投资明细,2020-03-31,	600585,海螺水泥,2.88%,8.69,479.06
	217013,招商中小盘混合,hh,2020年1季度股票投资明细,2020-03-31,	002271,东方雨虹,2.81%,13.73,467.23
	160105,南方积极配置混合(LOF),hh,2020年1季度股票投资明细,2020-03-31,	300142,沃森生物,7.79%,150.00,"4,749.00"
	160105,南方积极配置混合(LOF),hh,2020年1季度股票投资明细,2020-03-31,	603363,傲农生物,5.66%,160.01,"3,446.61"
	160105,南方积极配置混合(LOF),hh,2020年1季度股票投资明细,2020-03-31,	002157,正邦科技,5.00%,160.00,"3,049.60"
	160105,南方积极配置混合(LOF),hh,2020年1季度股票投资明细,2020-03-31,	002124,天邦股份,4.59%,240.00,"2,798.41"
	160105,南方积极配置混合(LOF),hh,2020年1季度股票投资明细,2020-03-31,	000876,新希望,4.33%,84.00,"2,640.12"
	160105,南方积极配置混合(LOF),hh,2020年1季度股票投资明细,2020-03-31,	002555,三七互娱,3.83%,71.46,"2,333.72"
	160105,南方积极配置混合(LOF),hh,2020年1季度股票投资明细,2020-03-31,	002714,牧原股份,3.61%,18.00,"2,200.29"
	160105,南方积极配置混合(LOF),hh,2020年1季度股票投资明细,2020-03-31,	300498,温氏股份,3.45%,65.01,"2,099.73"
	160105,南方积极配置混合(LOF),hh,2020年1季度股票投资明细,2020-03-31,	300033,同花顺,3.21%,18.01,"1,955.36"
	160105,南方积极配置混合(LOF),hh,2020年1季度股票投资明细,2020-03-31,	002624,完美世界,3.12%,40.00,"1,902.00"
	007533,格林创新成长混合A,hh,2020年1季度股票投资明细,2020-03-31,	600519,贵州茅台,8.14%,0.39,433.29
	007533,格林创新成长混合A,hh,2020年1季度股票投资明细,2020-03-31,	000651,格力电器,7.96%,8.11,423.34
	007533,格林创新成长混合A,hh,2020年1季度股票投资明细,2020-03-31,	601318,中国平安,7.86%,6.05,418.48
	007533,格林创新成长混合A,hh,2020年1季度股票投资明细,2020-03-31,	000333,美的集团,5.95%,6.54,316.67
	007533,格林创新成长混合A,hh,2020年1季度股票投资明细,2020-03-31,	603288,海天味业,4.75%,2.02,252.84
	007533,格林创新成长混合A,hh,2020年1季度股票投资明细,2020-03-31,	600887,伊利股份,4.24%,7.56,225.74
	007533,格林创新成长混合A,hh,2020年1季度股票投资明细,2020-03-31,	000895,双汇发展,4.20%,5.69,223.62
	007533,格林创新成长混合A,hh,2020年1季度股票投资明细,2020-03-31,	000858,五粮液,4.03%,1.86,214.27
	007533,格林创新成长混合A,hh,2020年1季度股票投资明细,2020-03-31,	600309,万华化学,3.74%,4.82,198.83
	007533,格林创新成长混合A,hh,2020年1季度股票投资明细,2020-03-31,	600036,招商银行,3.08%,5.07,163.66
	003851,中银锦利灵活配置混合C,hh,2020年1季度股票投资明细,2020-03-31,	600585,海螺水泥,2.51%,21.67,"1,194.02"
	003851,中银锦利灵活配置混合C,hh,2020年1季度股票投资明细,2020-03-31,	600519,贵州茅台,2.24%,0.96,"1,066.56"
	003851,中银锦利灵活配置混合C,hh,2020年1季度股票投资明细,2020-03-31,	000401,冀东水泥,1.96%,47.48,931.08
	003851,中银锦利灵活配置混合C,hh,2020年1季度股票投资明细,2020-03-31,	600048,保利地产,1.59%,50.77,754.95
	003851,中银锦利灵活配置混合C,hh,2020年1季度股票投资明细,2020-03-31,	000895,双汇发展,1.55%,18.73,736.09
	003851,中银锦利灵活配置混合C,hh,2020年1季度股票投资明细,2020-03-31,	600600,青岛啤酒,1.53%,15.96,729.53
	003851,中银锦利灵活配置混合C,hh,2020年1季度股票投资明细,2020-03-31,	600276,恒瑞医药,1.45%,7.50,690.23
	003851,中银锦利灵活配置混合C,hh,2020年1季度股票投资明细,2020-03-31,	601238,广汽集团,1.28%,57.62,607.89
	003851,中银锦利灵活配置混合C,hh,2020年1季度股票投资明细,2020-03-31,	600900,长江电力,1.27%,34.95,604.36
	003851,中银锦利灵活配置混合C,hh,2020年1季度股票投资明细,2020-03-31,	600383,金地集团,1.14%,38.35,540.35
	004914,中银证券聚瑞混合C,hh,2020年1季度股票投资明细,2020-03-31,	002541,鸿路钢构,2.89%,3.27,48.98
	004914,中银证券聚瑞混合C,hh,2020年1季度股票投资明细,2020-03-31,	002602,世纪华通,1.96%,2.68,33.10
	004914,中银证券聚瑞混合C,hh,2020年1季度股票投资明细,2020-03-31,	300737,科顺股份,1.84%,1.67,31.18
	004914,中银证券聚瑞混合C,hh,2020年1季度股票投资明细,2020-03-31,	603538,美诺华,1.19%,0.68,20.11
	004914,中银证券聚瑞混合C,hh,2020年1季度股票投资明细,2020-03-31,	601607,上海医药,1.15%,1.00,19.51
	004914,中银证券聚瑞混合C,hh,2020年1季度股票投资明细,2020-03-31,	300142,沃森生物,1.14%,0.61,19.31
	004914,中银证券聚瑞混合C,hh,2020年1季度股票投资明细,2020-03-31,	000756,新华制药,0.64%,0.88,10.76
	004914,中银证券聚瑞混合C,hh,2020年1季度股票投资明细,2020-03-31,	600521,华海药业,0.41%,0.27,6.94
	004914,中银证券聚瑞混合C,hh,2020年1季度股票投资明细,2020-03-31,	000538,云南白药,0.40%,0.08,6.84
	000328,上投摩根转型动力灵活配置混合,hh,2020年1季度股票投资明细,2020-03-31,	300750,宁德时代,6.58%,28.81,"3,468.50"
	000328,上投摩根转型动力灵活配置混合,hh,2020年1季度股票投资明细,2020-03-31,	300014,亿纬锂能,5.61%,50.88,"2,956.88"
	000328,上投摩根转型动力灵活配置混合,hh,2020年1季度股票投资明细,2020-03-31,	002475,立讯精密,5.21%,71.94,"2,745.16"
	000328,上投摩根转型动力灵活配置混合,hh,2020年1季度股票投资明细,2020-03-31,	000661,长春高新,4.16%,4.00,"2,192.00"
	000328,上投摩根转型动力灵活配置混合,hh,2020年1季度股票投资明细,2020-03-31,	002594,比亚迪,3.77%,33.17,"1,989.20"
	000328,上投摩根转型动力灵活配置混合,hh,2020年1季度股票投资明细,2020-03-31,	600276,恒瑞医药,3.59%,20.55,"1,891.22"
	000328,上投摩根转型动力灵活配置混合,hh,2020年1季度股票投资明细,2020-03-31,	603259,药明康德,3.32%,19.38,"1,753.33"
	000328,上投摩根转型动力灵活配置混合,hh,2020年1季度股票投资明细,2020-03-31,	601012,隆基股份,3.19%,67.71,"1,681.92"
	000328,上投摩根转型动力灵活配置混合,hh,2020年1季度股票投资明细,2020-03-31,	600519,贵州茅台,3.01%,1.43,"1,588.73"
	000328,上投摩根转型动力灵活配置混合,hh,2020年1季度股票投资明细,2020-03-31,	000876,新希望,3.01%,50.46,"1,585.96"
	007481,华夏逸享健康混合,hh,2020年1季度股票投资明细,2020-03-31,	300003,乐普医疗,6.33%,105.51,"3,821.61"
	007481,华夏逸享健康混合,hh,2020年1季度股票投资明细,2020-03-31,	600998,九州通,6.10%,216.65,"3,683.09"
	007481,华夏逸享健康混合,hh,2020年1季度股票投资明细,2020-03-31,	603456,九洲药业,5.25%,158.27,"3,174.35"
	007481,华夏逸享健康混合,hh,2020年1季度股票投资明细,2020-03-31,	002399,海普瑞,4.93%,144.62,"2,979.17"
	007481,华夏逸享健康混合,hh,2020年1季度股票投资明细,2020-03-31,	600216,浙江医药,4.93%,158.83,"2,977.98"
	007481,华夏逸享健康混合,hh,2020年1季度股票投资明细,2020-03-31,	300451,创业慧康,4.72%,137.71,"2,849.27"
	007481,华夏逸享健康混合,hh,2020年1季度股票投资明细,2020-03-31,	300573,兴齐眼药,4.06%,26.37,"2,455.31"
	007481,华夏逸享健康混合,hh,2020年1季度股票投资明细,2020-03-31,	02269,药明生物,3.58%,23.55,"2,162.52"
	007481,华夏逸享健康混合,hh,2020年1季度股票投资明细,2020-03-31,	300677,英科医疗,3.22%,41.69,"1,945.67"
	007481,华夏逸享健康混合,hh,2020年1季度股票投资明细,2020-03-31,	002365,永安药业,2.98%,163.28,"1,799.29"
	006528,富国优质发展混合C,hh,2020年1季度股票投资明细,2020-03-31,	300122,智飞生物,4.18%,1.35,90.98
	006528,富国优质发展混合C,hh,2020年1季度股票投资明细,2020-03-31,	600529,山东药玻,4.07%,2.64,88.65
	006528,富国优质发展混合C,hh,2020年1季度股票投资明细,2020-03-31,	002311,海大集团,4.01%,2.17,87.23
	006528,富国优质发展混合C,hh,2020年1季度股票投资明细,2020-03-31,	000656,金科股份,3.93%,10.74,85.49
	006528,富国优质发展混合C,hh,2020年1季度股票投资明细,2020-03-31,	002001,新和成,3.41%,2.72,74.33
	006528,富国优质发展混合C,hh,2020年1季度股票投资明细,2020-03-31,	000002,万科A,2.90%,2.46,63.10
	006528,富国优质发展混合C,hh,2020年1季度股票投资明细,2020-03-31,	002271,东方雨虹,2.77%,1.77,60.23
	006528,富国优质发展混合C,hh,2020年1季度股票投资明细,2020-03-31,	600036,招商银行,2.62%,1.77,57.14
	006528,富国优质发展混合C,hh,2020年1季度股票投资明细,2020-03-31,	600600,青岛啤酒,2.44%,1.16,53.02
	006528,富国优质发展混合C,hh,2020年1季度股票投资明细,2020-03-31,	002081,金螳螂,2.39%,6.34,52.05
	002233,工银丰收回报灵活配置混合C,hh,2020年1季度股票投资明细,2020-03-31,	601872,招商轮船,0.92%,55.97,314.83
	002233,工银丰收回报灵活配置混合C,hh,2020年1季度股票投资明细,2020-03-31,	002311,海大集团,0.73%,6.18,248.44
	002233,工银丰收回报灵活配置混合C,hh,2020年1季度股票投资明细,2020-03-31,	000333,美的集团,0.65%,4.62,223.70
	002233,工银丰收回报灵活配置混合C,hh,2020年1季度股票投资明细,2020-03-31,	601816,京沪高铁,0.63%,38.41,215.88
	002233,工银丰收回报灵活配置混合C,hh,2020年1季度股票投资明细,2020-03-31,	600036,招商银行,0.62%,6.60,213.05
	002233,工银丰收回报灵活配置混合C,hh,2020年1季度股票投资明细,2020-03-31,	601318,中国平安,0.58%,2.87,198.52
	002233,工银丰收回报灵活配置混合C,hh,2020年1季度股票投资明细,2020-03-31,	600048,保利地产,0.54%,12.42,184.69
	002233,工银丰收回报灵活配置混合C,hh,2020年1季度股票投资明细,2020-03-31,	000858,五粮液,0.51%,1.52,175.10
	002233,工银丰收回报灵活配置混合C,hh,2020年1季度股票投资明细,2020-03-31,	601601,中国太保,0.50%,6.10,172.14
	002233,工银丰收回报灵活配置混合C,hh,2020年1季度股票投资明细,2020-03-31,	601166,兴业银行,0.49%,10.50,167.06
	002503,中银腾利混合C,hh,2020年1季度股票投资明细,2020-03-31,	300014,亿纬锂能,6.78%,69.00,"3,579.57"
	002503,中银腾利混合C,hh,2020年1季度股票投资明细,2020-03-31,	601398,工商银行,2.02%,206.57,"1,063.81"
	002503,中银腾利混合C,hh,2020年1季度股票投资明细,2020-03-31,	600900,长江电力,1.50%,45.82,792.23
	002503,中银腾利混合C,hh,2020年1季度股票投资明细,2020-03-31,	600887,伊利股份,1.30%,22.92,684.39
	002503,中银腾利混合C,hh,2020年1季度股票投资明细,2020-03-31,	601939,建设银行,1.16%,96.74,613.33
	002503,中银腾利混合C,hh,2020年1季度股票投资明细,2020-03-31,	601318,中国平安,1.06%,8.11,560.97
	002503,中银腾利混合C,hh,2020年1季度股票投资明细,2020-03-31,	600104,上汽集团,0.78%,20.16,413.28
	002503,中银腾利混合C,hh,2020年1季度股票投资明细,2020-03-31,	601658,邮储银行,0.78%,79.66,412.63
	002503,中银腾利混合C,hh,2020年1季度股票投资明细,2020-03-31,	000001,平安银行,0.62%,25.50,326.37
	002503,中银腾利混合C,hh,2020年1季度股票投资明细,2020-03-31,	002142,宁波银行,0.61%,14.03,323.52
	008371,华安汇智精选两年持有期混合,hh,2020年1季度股票投资明细,2020-03-31,	000858,五粮液,5.30%,56.12,"6,465.02"
	008371,华安汇智精选两年持有期混合,hh,2020年1季度股票投资明细,2020-03-31,	601939,建设银行,3.98%,764.75,"4,848.52"
	008371,华安汇智精选两年持有期混合,hh,2020年1季度股票投资明细,2020-03-31,	002698,博实股份,3.93%,528.52,"4,798.93"
	008371,华安汇智精选两年持有期混合,hh,2020年1季度股票投资明细,2020-03-31,	002887,绿茵生态,3.91%,291.72,"4,766.75"
	008371,华安汇智精选两年持有期混合,hh,2020年1季度股票投资明细,2020-03-31,	000661,长春高新,3.41%,7.59,"4,159.32"
	008371,华安汇智精选两年持有期混合,hh,2020年1季度股票投资明细,2020-03-31,	600436,片仔癀,3.38%,33.19,"4,124.96"
	008371,华安汇智精选两年持有期混合,hh,2020年1季度股票投资明细,2020-03-31,	600276,恒瑞医药,3.20%,42.37,"3,899.31"
	008371,华安汇智精选两年持有期混合,hh,2020年1季度股票投资明细,2020-03-31,	603239,浙江仙通,3.01%,300.48,"3,674.84"
	008371,华安汇智精选两年持有期混合,hh,2020年1季度股票投资明细,2020-03-31,	002511,中顺洁柔,2.97%,213.91,"3,625.83"
	008371,华安汇智精选两年持有期混合,hh,2020年1季度股票投资明细,2020-03-31,	600837,海通证券,2.96%,281.14,"3,609.83"
	530005,建信优化配置混合,hh,2020年1季度股票投资明细,2020-03-31,	000858,五粮液,6.35%,93.31,"10,749.39"
	530005,建信优化配置混合,hh,2020年1季度股票投资明细,2020-03-31,	600519,贵州茅台,5.78%,8.81,"9,782.36"
	530005,建信优化配置混合,hh,2020年1季度股票投资明细,2020-03-31,	000651,格力电器,5.15%,166.99,"8,716.76"
	530005,建信优化配置混合,hh,2020年1季度股票投资明细,2020-03-31,	000568,泸州老窖,4.71%,108.33,"7,978.23"
	530005,建信优化配置混合,hh,2020年1季度股票投资明细,2020-03-31,	000661,长春高新,4.22%,13.04,"7,148.06"
	530005,建信优化配置混合,hh,2020年1季度股票投资明细,2020-03-31,	002475,立讯精密,3.62%,160.71,"6,132.66"
	530005,建信优化配置混合,hh,2020年1季度股票投资明细,2020-03-31,	000002,万科A,3.25%,214.32,"5,497.31"
	530005,建信优化配置混合,hh,2020年1季度股票投资明细,2020-03-31,	300122,智飞生物,2.80%,70.41,"4,744.93"
	530005,建信优化配置混合,hh,2020年1季度股票投资明细,2020-03-31,	600585,海螺水泥,1.84%,56.61,"3,119.21"
	530005,建信优化配置混合,hh,2020年1季度股票投资明细,2020-03-31,	600436,片仔癀,1.56%,21.31,"2,648.83"
	007071,博时颐泽稳健养老(FOF)C,hh,2020年1季度股票投资明细,2020-03-31,	600079,人福医药,2.27%,58.27,792.47
	007071,博时颐泽稳健养老(FOF)C,hh,2020年1季度股票投资明细,2020-03-31,	600900,长江电力,1.08%,21.68,374.85
	007071,博时颐泽稳健养老(FOF)C,hh,2020年1季度股票投资明细,2020-03-31,	600886,国投电力,0.75%,32.83,260.67
	007071,博时颐泽稳健养老(FOF)C,hh,2020年1季度股票投资明细,2020-03-31,	002555,三七互娱,0.67%,7.11,232.21
	007071,博时颐泽稳健养老(FOF)C,hh,2020年1季度股票投资明细,2020-03-31,	601166,兴业银行,0.64%,14.00,222.74
	007071,博时颐泽稳健养老(FOF)C,hh,2020年1季度股票投资明细,2020-03-31,	603221,爱丽家居,0.01%,0.14,2.47
	007071,博时颐泽稳健养老(FOF)C,hh,2020年1季度股票投资明细,2020-03-31,	300825,阿尔特,0.01%,0.16,1.76
	007071,博时颐泽稳健养老(FOF)C,hh,2020年1季度股票投资明细,2020-03-31,	300823,建科机械,0.00%,0.05,1.38
	007071,博时颐泽稳健养老(FOF)C,hh,2020年1季度股票投资明细,2020-03-31,	002979,雷赛智能,0.00%,0.10,0.98
	161232,国投瑞银瑞盛混合(LOF),hh,2020年1季度股票投资明细,2020-03-31,	601933,永辉超市,9.21%,385.41,"3,946.55"
	161232,国投瑞银瑞盛混合(LOF),hh,2020年1季度股票投资明细,2020-03-31,	002831,裕同科技,6.68%,128.60,"2,862.73"
	161232,国投瑞银瑞盛混合(LOF),hh,2020年1季度股票投资明细,2020-03-31,	603018,中设集团,4.89%,152.07,"2,095.46"
	161232,国投瑞银瑞盛混合(LOF),hh,2020年1季度股票投资明细,2020-03-31,	601607,上海医药,4.34%,95.36,"1,860.47"
	161232,国投瑞银瑞盛混合(LOF),hh,2020年1季度股票投资明细,2020-03-31,	300416,苏试试验,4.00%,60.67,"1,714.53"
	161232,国投瑞银瑞盛混合(LOF),hh,2020年1季度股票投资明细,2020-03-31,	300232,洲明科技,3.99%,191.48,"1,709.88"
	161232,国投瑞银瑞盛混合(LOF),hh,2020年1季度股票投资明细,2020-03-31,	603708,家家悦,3.88%,51.46,"1,662.25"
	161232,国投瑞银瑞盛混合(LOF),hh,2020年1季度股票投资明细,2020-03-31,	002120,韵达股份,3.71%,51.63,"1,590.72"
	161232,国投瑞银瑞盛混合(LOF),hh,2020年1季度股票投资明细,2020-03-31,	603517,绝味食品,3.64%,30.11,"1,557.99"
	161232,国投瑞银瑞盛混合(LOF),hh,2020年1季度股票投资明细,2020-03-31,	002541,鸿路钢构,3.29%,94.21,"1,411.19"
	003848,中银广利灵活配置混合A,hh,2020年1季度股票投资明细,2020-03-31,	601398,工商银行,1.59%,140.45,723.32
	003848,中银广利灵活配置混合A,hh,2020年1季度股票投资明细,2020-03-31,	600900,长江电力,1.41%,37.12,641.81
	003848,中银广利灵活配置混合A,hh,2020年1季度股票投资明细,2020-03-31,	600547,山东黄金,1.20%,15.85,544.29
	003848,中银广利灵活配置混合A,hh,2020年1季度股票投资明细,2020-03-31,	600887,伊利股份,1.19%,18.05,538.97
	003848,中银广利灵活配置混合A,hh,2020年1季度股票投资明细,2020-03-31,	601939,建设银行,1.07%,76.28,483.62
	003848,中银广利灵活配置混合A,hh,2020年1季度股票投资明细,2020-03-31,	601318,中国平安,0.93%,6.08,420.55
	003848,中银广利灵活配置混合A,hh,2020年1季度股票投资明细,2020-03-31,	600585,海螺水泥,0.92%,7.59,418.21
	003848,中银广利灵活配置混合A,hh,2020年1季度股票投资明细,2020-03-31,	600104,上汽集团,0.80%,17.78,364.49
	003848,中银广利灵活配置混合A,hh,2020年1季度股票投资明细,2020-03-31,	603233,大参林,0.77%,5.52,347.98
	003848,中银广利灵活配置混合A,hh,2020年1季度股票投资明细,2020-03-31,	000401,冀东水泥,0.62%,14.31,280.62
	002612,融通通慧混合A/B,hh,2020年1季度股票投资明细,2020-03-31,	600031,三一重工,2.20%,46.38,802.37
	002612,融通通慧混合A/B,hh,2020年1季度股票投资明细,2020-03-31,	600801,华新水泥,1.94%,30.40,707.41
	002612,融通通慧混合A/B,hh,2020年1季度股票投资明细,2020-03-31,	600276,恒瑞医药,1.51%,5.98,550.34
	002612,融通通慧混合A/B,hh,2020年1季度股票投资明细,2020-03-31,	601816,京沪高铁,1.40%,90.65,509.47
	002612,融通通慧混合A/B,hh,2020年1季度股票投资明细,2020-03-31,	600585,海螺水泥,1.26%,8.33,458.98
	002612,融通通慧混合A/B,hh,2020年1季度股票投资明细,2020-03-31,	601100,恒立液压,0.99%,5.84,359.16
	002612,融通通慧混合A/B,hh,2020年1季度股票投资明细,2020-03-31,	601888,中国国旅,0.87%,4.71,316.51
	002612,融通通慧混合A/B,hh,2020年1季度股票投资明细,2020-03-31,	600030,中信证券,0.80%,13.23,293.18
	002612,融通通慧混合A/B,hh,2020年1季度股票投资明细,2020-03-31,	603939,益丰药房,0.72%,2.83,263.47
	002612,融通通慧混合A/B,hh,2020年1季度股票投资明细,2020-03-31,	601658,邮储银行,0.71%,49.90,259.38
	040016,华安行业轮动混合,hh,2020年1季度股票投资明细,2020-03-31,	000858,五粮液,4.13%,7.34,845.66
	040016,华安行业轮动混合,hh,2020年1季度股票投资明细,2020-03-31,	002887,绿茵生态,4.04%,50.62,827.13
	040016,华安行业轮动混合,hh,2020年1季度股票投资明细,2020-03-31,	002698,博实股份,3.79%,85.42,775.61
	040016,华安行业轮动混合,hh,2020年1季度股票投资明细,2020-03-31,	002959,小熊电器,3.41%,8.31,697.12
	040016,华安行业轮动混合,hh,2020年1季度股票投资明细,2020-03-31,	600276,恒瑞医药,3.31%,7.35,676.42
	040016,华安行业轮动混合,hh,2020年1季度股票投资明细,2020-03-31,	600763,通策医疗,3.20%,6.07,654.22
	040016,华安行业轮动混合,hh,2020年1季度股票投资明细,2020-03-31,	603239,浙江仙通,3.16%,52.81,645.87
	040016,华安行业轮动混合,hh,2020年1季度股票投资明细,2020-03-31,	000661,长春高新,3.06%,1.14,626.47
	040016,华安行业轮动混合,hh,2020年1季度股票投资明细,2020-03-31,	600436,片仔癀,3.02%,4.97,617.77
	040016,华安行业轮动混合,hh,2020年1季度股票投资明细,2020-03-31,	002511,中顺洁柔,3.00%,36.25,614.36
	200012,长城中小盘成长混合,hh,2020年1季度股票投资明细,2020-03-31,	600519,贵州茅台,4.09%,1.12,"1,245.88"
	200012,长城中小盘成长混合,hh,2020年1季度股票投资明细,2020-03-31,	603700,宁水集团,2.93%,28.54,890.98
	200012,长城中小盘成长混合,hh,2020年1季度股票投资明细,2020-03-31,	000656,金科股份,2.69%,102.97,819.64
	200012,长城中小盘成长混合,hh,2020年1季度股票投资明细,2020-03-31,	300696,爱乐达,2.64%,21.03,804.19
	200012,长城中小盘成长混合,hh,2020年1季度股票投资明细,2020-03-31,	600862,中航高科,2.40%,60.64,731.32
	200012,长城中小盘成长混合,hh,2020年1季度股票投资明细,2020-03-31,	002511,中顺洁柔,2.32%,41.69,706.65
	200012,长城中小盘成长混合,hh,2020年1季度股票投资明细,2020-03-31,	603444,吉比特,2.27%,1.68,689.46
	200012,长城中小盘成长混合,hh,2020年1季度股票投资明细,2020-03-31,	002475,立讯精密,2.18%,17.35,662.08
	200012,长城中小盘成长混合,hh,2020年1季度股票投资明细,2020-03-31,	002001,新和成,2.11%,23.48,641.00
	200012,长城中小盘成长混合,hh,2020年1季度股票投资明细,2020-03-31,	002959,小熊电器,2.11%,7.64,641.00
	000398,华富灵活配置混合,hh,2020年1季度股票投资明细,2020-03-31,	600276,恒瑞医药,10.03%,1.59,146.42
	000398,华富灵活配置混合,hh,2020年1季度股票投资明细,2020-03-31,	600690,海尔智家,8.40%,8.52,122.68
	000398,华富灵活配置混合,hh,2020年1季度股票投资明细,2020-03-31,	601077,渝农商行,5.26%,14.78,76.84
	000398,华富灵活配置混合,hh,2020年1季度股票投资明细,2020-03-31,	688363,华熙生物,4.97%,0.98,72.56
	000398,华富灵活配置混合,hh,2020年1季度股票投资明细,2020-03-31,	601916,浙商银行,4.27%,15.69,62.29
	000398,华富灵活配置混合,hh,2020年1季度股票投资明细,2020-03-31,	688023,安恒信息,3.45%,0.27,50.32
	000398,华富灵活配置混合,hh,2020年1季度股票投资明细,2020-03-31,	688199,久日新材,1.66%,0.45,24.29
	000398,华富灵活配置混合,hh,2020年1季度股票投资明细,2020-03-31,	688025,杰普特,1.20%,0.47,17.54
	000398,华富灵活配置混合,hh,2020年1季度股票投资明细,2020-03-31,	688098,申联生物,1.04%,0.98,15.24
	000398,华富灵活配置混合,hh,2020年1季度股票投资明细,2020-03-31,	688198,佰仁医疗,0.83%,0.32,12.19
	003031,安信新目标混合C,hh,2020年1季度股票投资明细,2020-03-31,	600585,海螺水泥,1.04%,15.13,833.66
	003031,安信新目标混合C,hh,2020年1季度股票投资明细,2020-03-31,	600519,贵州茅台,1.00%,0.72,799.92
	003031,安信新目标混合C,hh,2020年1季度股票投资明细,2020-03-31,	600036,招商银行,0.78%,19.38,625.59
	003031,安信新目标混合C,hh,2020年1季度股票投资明细,2020-03-31,	600703,三安光电,0.75%,31.65,606.10
	003031,安信新目标混合C,hh,2020年1季度股票投资明细,2020-03-31,	603345,安井食品,0.65%,6.04,518.35
	003031,安信新目标混合C,hh,2020年1季度股票投资明细,2020-03-31,	601816,京沪高铁,0.63%,90.65,509.47
	003031,安信新目标混合C,hh,2020年1季度股票投资明细,2020-03-31,	000063,中兴通讯,0.47%,8.79,376.21
	003031,安信新目标混合C,hh,2020年1季度股票投资明细,2020-03-31,	600216,浙江医药,0.36%,15.39,288.56
	003031,安信新目标混合C,hh,2020年1季度股票投资明细,2020-03-31,	600048,保利地产,0.36%,19.38,288.18
	003031,安信新目标混合C,hh,2020年1季度股票投资明细,2020-03-31,	002458,益生股份,0.33%,14.14,268.73
	519165,新华鑫利灵活配置混合,hh,2020年1季度股票投资明细,2020-03-31,	600900,长江电力,0.62%,0.56,9.68
	519165,新华鑫利灵活配置混合,hh,2020年1季度股票投资明细,2020-03-31,	600547,山东黄金,0.50%,0.23,7.90
	519165,新华鑫利灵活配置混合,hh,2020年1季度股票投资明细,2020-03-31,	601318,中国平安,0.31%,0.07,4.84
	519165,新华鑫利灵活配置混合,hh,2020年1季度股票投资明细,2020-03-31,	300783,三只松鼠,0.25%,0.05,3.84
	519165,新华鑫利灵活配置混合,hh,2020年1季度股票投资明细,2020-03-31,	600276,恒瑞医药,0.23%,0.04,3.68
	519165,新华鑫利灵活配置混合,hh,2020年1季度股票投资明细,2020-03-31,	300124,汇川技术,0.23%,0.14,3.62
	519165,新华鑫利灵活配置混合,hh,2020年1季度股票投资明细,2020-03-31,	600887,伊利股份,0.23%,0.12,3.58
	519165,新华鑫利灵活配置混合,hh,2020年1季度股票投资明细,2020-03-31,	002831,裕同科技,0.23%,0.16,3.56
	519165,新华鑫利灵活配置混合,hh,2020年1季度股票投资明细,2020-03-31,	600779,水井坊,0.22%,0.08,3.44
	519165,新华鑫利灵活配置混合,hh,2020年1季度股票投资明细,2020-03-31,	000538,云南白药,0.22%,0.04,3.42
	000884,民生加银优选股票,gp,2020年1季度股票投资明细,2020-03-31,	002714,牧原股份,8.94%,15.86,"1,938.25"
	000884,民生加银优选股票,gp,2020年1季度股票投资明细,2020-03-31,	002475,立讯精密,5.35%,30.38,"1,159.30"
	000884,民生加银优选股票,gp,2020年1季度股票投资明细,2020-03-31,	000333,美的集团,5.01%,22.43,"1,086.07"
	000884,民生加银优选股票,gp,2020年1季度股票投资明细,2020-03-31,	000661,长春高新,4.27%,1.69,926.12
	000884,民生加银优选股票,gp,2020年1季度股票投资明细,2020-03-31,	002548,金新农,3.68%,78.25,797.37
	000884,民生加银优选股票,gp,2020年1季度股票投资明细,2020-03-31,	300601,康泰生物,3.60%,6.81,780.43
	000884,民生加银优选股票,gp,2020年1季度股票投资明细,2020-03-31,	688111,金山办公,3.29%,3.26,712.92
	000884,民生加银优选股票,gp,2020年1季度股票投资明细,2020-03-31,	002727,一心堂,3.21%,26.88,695.12
	000884,民生加银优选股票,gp,2020年1季度股票投资明细,2020-03-31,	300326,凯利泰,3.08%,32.45,666.44
	000884,民生加银优选股票,gp,2020年1季度股票投资明细,2020-03-31,	603883,老百姓,3.01%,8.38,652.80
	006605,嘉实消费精选股票C,gp,2020年1季度股票投资明细,2020-03-31,	000568,泸州老窖,9.71%,33.80,"2,489.22"
	006605,嘉实消费精选股票C,gp,2020年1季度股票投资明细,2020-03-31,	000858,五粮液,8.89%,19.78,"2,278.37"
	006605,嘉实消费精选股票C,gp,2020年1季度股票投资明细,2020-03-31,	000651,格力电器,8.42%,41.32,"2,156.68"
	006605,嘉实消费精选股票C,gp,2020年1季度股票投资明细,2020-03-31,	600519,贵州茅台,8.39%,1.94,"2,150.90"
	006605,嘉实消费精选股票C,gp,2020年1季度股票投资明细,2020-03-31,	002311,海大集团,4.61%,29.40,"1,181.88"
	006605,嘉实消费精选股票C,gp,2020年1季度股票投资明细,2020-03-31,	02238,广汽集团,4.33%,155.80,"1,108.94"
	006605,嘉实消费精选股票C,gp,2020年1季度股票投资明细,2020-03-31,	002568,百润股份,4.22%,31.84,"1,081.61"
	006605,嘉实消费精选股票C,gp,2020年1季度股票投资明细,2020-03-31,	600872,中炬高新,4.09%,21.91,"1,047.46"
	006605,嘉实消费精选股票C,gp,2020年1季度股票投资明细,2020-03-31,	000333,美的集团,3.91%,20.69,"1,001.72"
	006605,嘉实消费精选股票C,gp,2020年1季度股票投资明细,2020-03-31,	603444,吉比特,3.87%,2.42,991.99
	161725,招商中证白酒指数分级,gp,2020年1季度股票投资明细,2020-03-31,	600519,贵州茅台,14.90%,160.96,"178,821.23"
	161725,招商中证白酒指数分级,gp,2020年1季度股票投资明细,2020-03-31,	000568,泸州老窖,13.98%,"2,278.50","167,811.79"
	161725,招商中证白酒指数分级,gp,2020年1季度股票投资明细,2020-03-31,	000858,五粮液,13.81%,"1,439.05","165,778.32"
	161725,招商中证白酒指数分级,gp,2020年1季度股票投资明细,2020-03-31,	002304,洋河股份,13.13%,"1,878.84","157,578.23"
	161725,招商中证白酒指数分级,gp,2020年1季度股票投资明细,2020-03-31,	000860,顺鑫农业,9.19%,"1,797.40","110,342.48"
	161725,招商中证白酒指数分级,gp,2020年1季度股票投资明细,2020-03-31,	600809,山西汾酒,6.77%,900.68,"81,223.03"
	161725,招商中证白酒指数分级,gp,2020年1季度股票投资明细,2020-03-31,	603589,口子窖,4.28%,"1,243.27","51,421.84"
	161725,招商中证白酒指数分级,gp,2020年1季度股票投资明细,2020-03-31,	603369,今世缘,4.05%,"1,726.41","48,598.42"
	161725,招商中证白酒指数分级,gp,2020年1季度股票投资明细,2020-03-31,	000596,古井贡酒,3.78%,397.51,"45,407.91"
	161725,招商中证白酒指数分级,gp,2020年1季度股票投资明细,2020-03-31,	600779,水井坊,2.41%,673.06,"28,975.25"
	002180,中银移动互联灵活配置混合,hh,2020年1季度股票投资明细,2020-03-31,	600519,贵州茅台,6.98%,0.80,888.80
	002180,中银移动互联灵活配置混合,hh,2020年1季度股票投资明细,2020-03-31,	600763,通策医疗,6.31%,7.45,802.96
	002180,中银移动互联灵活配置混合,hh,2020年1季度股票投资明细,2020-03-31,	603233,大参林,5.97%,12.06,759.53
	002180,中银移动互联灵活配置混合,hh,2020年1季度股票投资明细,2020-03-31,	300595,欧普康视,5.64%,13.00,718.12
	002180,中银移动互联灵活配置混合,hh,2020年1季度股票投资明细,2020-03-31,	603160,汇顶科技,5.13%,2.50,652.78
	002180,中银移动互联灵活配置混合,hh,2020年1季度股票投资明细,2020-03-31,	603259,药明康德,4.98%,7.00,633.43
	002180,中银移动互联灵活配置混合,hh,2020年1季度股票投资明细,2020-03-31,	603605,珀莱雅,4.97%,5.50,633.33
	002180,中银移动互联灵活配置混合,hh,2020年1季度股票投资明细,2020-03-31,	300454,深信服,4.97%,4.00,632.24
	002180,中银移动互联灵活配置混合,hh,2020年1季度股票投资明细,2020-03-31,	002475,立讯精密,4.95%,16.50,629.64
	002180,中银移动互联灵活配置混合,hh,2020年1季度股票投资明细,2020-03-31,	600588,用友网络,4.77%,15.01,607.10
	001236,博时丝路主题股票A,gp,2020年1季度股票投资明细,2020-03-31,	000708,中信特钢,9.63%,219.76,"5,518.09"
	001236,博时丝路主题股票A,gp,2020年1季度股票投资明细,2020-03-31,	300760,迈瑞医疗,7.18%,15.72,"4,113.92"
	001236,博时丝路主题股票A,gp,2020年1季度股票投资明细,2020-03-31,	300037,新宙邦,6.27%,100.57,"3,595.38"
	001236,博时丝路主题股票A,gp,2020年1季度股票投资明细,2020-03-31,	000063,中兴通讯,5.38%,72.09,"3,085.45"
	001236,博时丝路主题股票A,gp,2020年1季度股票投资明细,2020-03-31,	002475,立讯精密,5.28%,79.22,"3,023.04"
	001236,博时丝路主题股票A,gp,2020年1季度股票投资明细,2020-03-31,	600988,赤峰黄金,4.50%,307.12,"2,576.74"
	001236,博时丝路主题股票A,gp,2020年1季度股票投资明细,2020-03-31,	300567,精测电子,4.01%,43.85,"2,298.42"
	001236,博时丝路主题股票A,gp,2020年1季度股票投资明细,2020-03-31,	600426,华鲁恒升,3.61%,131.75,"2,068.48"
	001236,博时丝路主题股票A,gp,2020年1季度股票投资明细,2020-03-31,	002601,龙蟒佰利,3.36%,129.07,"1,927.06"
	001236,博时丝路主题股票A,gp,2020年1季度股票投资明细,2020-03-31,	000895,双汇发展,3.33%,48.49,"1,905.66"
	000913,农银医疗保健股票,gp,2020年1季度股票投资明细,2020-03-31,	300759,康龙化成,8.21%,307.89,"18,267.39"
	000913,农银医疗保健股票,gp,2020年1季度股票投资明细,2020-03-31,	603658,安图生物,7.81%,149.13,"17,372.58"
	000913,农银医疗保健股票,gp,2020年1季度股票投资明细,2020-03-31,	300015,爱尔眼科,7.78%,439.42,"17,304.52"
	000913,农银医疗保健股票,gp,2020年1季度股票投资明细,2020-03-31,	300760,迈瑞医疗,7.70%,65.48,"17,135.33"
	000913,农银医疗保健股票,gp,2020年1季度股票投资明细,2020-03-31,	300558,贝达药业,7.66%,242.66,"17,034.72"
	000913,农银医疗保健股票,gp,2020年1季度股票投资明细,2020-03-31,	600276,恒瑞医药,5.54%,133.93,"12,325.12"
	000913,农银医疗保健股票,gp,2020年1季度股票投资明细,2020-03-31,	300725,药石科技,5.49%,168.55,"12,219.55"
	000913,农银医疗保健股票,gp,2020年1季度股票投资明细,2020-03-31,	688029,南微医学,4.68%,67.83,"10,399.09"
	000913,农银医疗保健股票,gp,2020年1季度股票投资明细,2020-03-31,	300595,欧普康视,4.43%,178.50,"9,860.46"
	000913,农银医疗保健股票,gp,2020年1季度股票投资明细,2020-03-31,	600763,通策医疗,3.22%,66.34,"7,150.29"
	000831,工银医疗保健股票,gp,2020年1季度股票投资明细,2020-03-31,	600276,恒瑞医药,9.83%,377.32,"34,724.58"
	000831,工银医疗保健股票,gp,2020年1季度股票投资明细,2020-03-31,	300760,迈瑞医疗,8.59%,116.01,"30,359.42"
	000831,工银医疗保健股票,gp,2020年1季度股票投资明细,2020-03-31,	000661,长春高新,8.58%,57.12,"30,308.38"
	000831,工银医疗保健股票,gp,2020年1季度股票投资明细,2020-03-31,	300482,万孚生物,8.23%,375.00,"29,070.00"
	000831,工银医疗保健股票,gp,2020年1季度股票投资明细,2020-03-31,	300003,乐普医疗,8.20%,800.00,"28,976.00"
	000831,工银医疗保健股票,gp,2020年1季度股票投资明细,2020-03-31,	300677,英科医疗,4.80%,372.16,"16,949.59"
	000831,工银医疗保健股票,gp,2020年1季度股票投资明细,2020-03-31,	002821,凯莱英,4.62%,95.00,"16,311.15"
	000831,工银医疗保健股票,gp,2020年1季度股票投资明细,2020-03-31,	300529,健帆生物,4.02%,150.00,"14,200.50"
	000831,工银医疗保健股票,gp,2020年1季度股票投资明细,2020-03-31,	603456,九洲药业,3.74%,645.92,"13,228.29"
	000831,工银医疗保健股票,gp,2020年1季度股票投资明细,2020-03-31,	300630,普利制药,3.67%,203.01,"12,964.03"
	164401,前海开源健康分级,gp,2020年1季度股票投资明细,2020-03-31,	000661,长春高新,10.30%,6.00,"3,288.00"
	164401,前海开源健康分级,gp,2020年1季度股票投资明细,2020-03-31,	300529,健帆生物,7.18%,24.20,"2,291.01"
	164401,前海开源健康分级,gp,2020年1季度股票投资明细,2020-03-31,	600276,恒瑞医药,6.57%,22.76,"2,094.82"
	164401,前海开源健康分级,gp,2020年1季度股票投资明细,2020-03-31,	600763,通策医疗,6.35%,18.80,"2,026.43"
	164401,前海开源健康分级,gp,2020年1季度股票投资明细,2020-03-31,	300015,爱尔眼科,6.13%,49.64,"1,954.66"
	164401,前海开源健康分级,gp,2020年1季度股票投资明细,2020-03-31,	300122,智飞生物,5.49%,26.01,"1,752.79"
	164401,前海开源健康分级,gp,2020年1季度股票投资明细,2020-03-31,	002007,华兰生物,5.41%,36.01,"1,725.40"
	164401,前海开源健康分级,gp,2020年1季度股票投资明细,2020-03-31,	300601,康泰生物,5.39%,15.00,"1,719.00"
	164401,前海开源健康分级,gp,2020年1季度股票投资明细,2020-03-31,	300347,泰格医药,5.02%,24.99,"1,600.72"
	164401,前海开源健康分级,gp,2020年1季度股票投资明细,2020-03-31,	600201,生物股份,4.68%,70.01,"1,492.55"
	164205,天弘文化新兴产业,gp,2020年1季度股票投资明细,2020-03-31,	002508,老板电器,8.13%,143.95,"4,094.03"
	164205,天弘文化新兴产业,gp,2020年1季度股票投资明细,2020-03-31,	000651,格力电器,7.91%,76.31,"3,983.38"
	164205,天弘文化新兴产业,gp,2020年1季度股票投资明细,2020-03-31,	002035,华帝股份,7.89%,357.55,"3,972.39"
	164205,天弘文化新兴产业,gp,2020年1季度股票投资明细,2020-03-31,	000333,美的集团,7.88%,81.94,"3,967.43"
	164205,天弘文化新兴产业,gp,2020年1季度股票投资明细,2020-03-31,	600690,海尔智家,7.73%,270.39,"3,893.67"
	164205,天弘文化新兴产业,gp,2020年1季度股票投资明细,2020-03-31,	603816,顾家家居,7.63%,109.33,"3,839.67"
	164205,天弘文化新兴产业,gp,2020年1季度股票投资明细,2020-03-31,	600036,招商银行,6.50%,101.33,"3,270.93"
	164205,天弘文化新兴产业,gp,2020年1季度股票投资明细,2020-03-31,	601318,中国平安,6.46%,46.99,"3,250.30"
	164205,天弘文化新兴产业,gp,2020年1季度股票投资明细,2020-03-31,	600966,博汇纸业,5.91%,380.00,"2,975.40"
	164205,天弘文化新兴产业,gp,2020年1季度股票投资明细,2020-03-31,	000786,北新建材,3.96%,84.49,"1,994.04"
	005328,前海开源价值策略股票,gp,2020年1季度股票投资明细,2020-03-31,	603658,安图生物,8.16%,7.91,920.89
	005328,前海开源价值策略股票,gp,2020年1季度股票投资明细,2020-03-31,	600009,上海机场,7.00%,12.99,790.03
	005328,前海开源价值策略股票,gp,2020年1季度股票投资明细,2020-03-31,	601888,中国国旅,6.97%,11.70,786.24
	005328,前海开源价值策略股票,gp,2020年1季度股票投资明细,2020-03-31,	603288,海天味业,6.44%,5.81,727.24
	005328,前海开源价值策略股票,gp,2020年1季度股票投资明细,2020-03-31,	600132,重庆啤酒,5.97%,14.80,673.55
	005328,前海开源价值策略股票,gp,2020年1季度股票投资明细,2020-03-31,	002032,苏泊尔,5.78%,9.43,651.90
	005328,前海开源价值策略股票,gp,2020年1季度股票投资明细,2020-03-31,	000568,泸州老窖,5.22%,7.99,588.66
	005328,前海开源价值策略股票,gp,2020年1季度股票投资明细,2020-03-31,	603517,绝味食品,5.18%,11.30,584.78
	005328,前海开源价值策略股票,gp,2020年1季度股票投资明细,2020-03-31,	000661,长春高新,4.86%,1.00,548.00
	005328,前海开源价值策略股票,gp,2020年1季度股票投资明细,2020-03-31,	300783,三只松鼠,4.63%,6.80,522.58
	001208,诺安低碳经济股票,gp,2020年1季度股票投资明细,2020-03-31,	601601,中国太保,8.14%,139.83,"3,945.89"
	001208,诺安低碳经济股票,gp,2020年1季度股票投资明细,2020-03-31,	601318,中国平安,7.32%,51.30,"3,548.42"
	001208,诺安低碳经济股票,gp,2020年1季度股票投资明细,2020-03-31,	002601,龙蟒佰利,7.06%,229.13,"3,420.93"
	001208,诺安低碳经济股票,gp,2020年1季度股票投资明细,2020-03-31,	300146,汤臣倍健,5.95%,171.80,"2,884.52"
	001208,诺安低碳经济股票,gp,2020年1季度股票投资明细,2020-03-31,	000002,万科A,4.66%,88.08,"2,259.21"
	001208,诺安低碳经济股票,gp,2020年1季度股票投资明细,2020-03-31,	002027,分众传媒,4.33%,474.56,"2,097.56"
	001208,诺安低碳经济股票,gp,2020年1季度股票投资明细,2020-03-31,	603260,合盛硅业,3.40%,67.03,"1,650.24"
	001208,诺安低碳经济股票,gp,2020年1季度股票投资明细,2020-03-31,	000581,威孚高科,3.07%,78.27,"1,487.04"
	001208,诺安低碳经济股票,gp,2020年1季度股票投资明细,2020-03-31,	600461,洪城水业,3.01%,215.33,"1,459.92"
	001208,诺安低碳经济股票,gp,2020年1季度股票投资明细,2020-03-31,	600011,华能国际,2.94%,304.35,"1,427.42"
	163115,申万菱信中证军工指数分级,gp,2020年1季度股票投资明细,2020-03-31,	601989,中国重工,7.40%,"1,547.52","6,515.05"
	163115,申万菱信中证军工指数分级,gp,2020年1季度股票投资明细,2020-03-31,	000768,中航飞机,6.03%,334.78,"5,309.56"
	163115,申万菱信中证军工指数分级,gp,2020年1季度股票投资明细,2020-03-31,	002465,海格通信,5.72%,446.02,"5,031.05"
	163115,申万菱信中证军工指数分级,gp,2020年1季度股票投资明细,2020-03-31,	600893,航发动力,5.24%,217.64,"4,613.93"
	163115,申万菱信中证军工指数分级,gp,2020年1季度股票投资明细,2020-03-31,	002179,中航光电,5.03%,129.40,"4,425.52"
	163115,申万菱信中证军工指数分级,gp,2020年1季度股票投资明细,2020-03-31,	600118,中国卫星,4.75%,142.99,"4,178.24"
	163115,申万菱信中证军工指数分级,gp,2020年1季度股票投资明细,2020-03-31,	000547,航天发展,4.15%,271.82,"3,655.94"
	163115,申万菱信中证军工指数分级,gp,2020年1季度股票投资明细,2020-03-31,	600879,航天电子,3.81%,526.09,"3,351.22"
	163115,申万菱信中证军工指数分级,gp,2020年1季度股票投资明细,2020-03-31,	002268,卫士通,3.63%,141.92,"3,190.38"
	163115,申万菱信中证军工指数分级,gp,2020年1季度股票投资明细,2020-03-31,	002013,中航机电,3.58%,436.35,"3,146.08"
	519700,交银主题优选混合,hh,2020年1季度股票投资明细,2020-03-31,	600383,金地集团,4.56%,675.39,"9,516.25"
	519700,交银主题优选混合,hh,2020年1季度股票投资明细,2020-03-31,	002439,启明星辰,3.39%,191.13,"7,071.98"
	519700,交银主题优选混合,hh,2020年1季度股票投资明细,2020-03-31,	000998,隆平高科,3.22%,370.00,"6,704.44"
	519700,交银主题优选混合,hh,2020年1季度股票投资明细,2020-03-31,	601166,兴业银行,3.06%,401.30,"6,384.68"
	519700,交银主题优选混合,hh,2020年1季度股票投资明细,2020-03-31,	603517,绝味食品,2.92%,117.53,"6,082.09"
	519700,交银主题优选混合,hh,2020年1季度股票投资明细,2020-03-31,	000656,金科股份,2.53%,661.72,"5,267.29"
	519700,交银主题优选混合,hh,2020年1季度股票投资明细,2020-03-31,	600030,中信证券,2.37%,222.77,"4,936.58"
	519700,交银主题优选混合,hh,2020年1季度股票投资明细,2020-03-31,	000860,顺鑫农业,2.26%,76.71,"4,708.98"
	519700,交银主题优选混合,hh,2020年1季度股票投资明细,2020-03-31,	603195,公牛集团,2.21%,29.70,"4,601.90"
	519700,交银主题优选混合,hh,2020年1季度股票投资明细,2020-03-31,	300724,捷佳伟创,2.19%,98.31,"4,556.81"
	001781,建信现代服务业股票,gp,2020年1季度股票投资明细,2020-03-31,	603707,健友股份,5.92%,2.39,120.75
	001781,建信现代服务业股票,gp,2020年1季度股票投资明细,2020-03-31,	000002,万科A,5.60%,4.45,114.14
	001781,建信现代服务业股票,gp,2020年1季度股票投资明细,2020-03-31,	603517,绝味食品,5.23%,2.06,106.61
	001781,建信现代服务业股票,gp,2020年1季度股票投资明细,2020-03-31,	002624,完美世界,4.85%,2.08,98.90
	001781,建信现代服务业股票,gp,2020年1季度股票投资明细,2020-03-31,	002605,姚记科技,4.11%,2.80,83.72
	001781,建信现代服务业股票,gp,2020年1季度股票投资明细,2020-03-31,	601398,工商银行,3.86%,15.28,78.69
	001781,建信现代服务业股票,gp,2020年1季度股票投资明细,2020-03-31,	603686,龙马环卫,3.49%,5.16,71.16
	001781,建信现代服务业股票,gp,2020年1季度股票投资明细,2020-03-31,	002385,大北农,3.17%,7.46,64.53
	001781,建信现代服务业股票,gp,2020年1季度股票投资明细,2020-03-31,	300767,震安科技,3.00%,0.86,61.23
	001781,建信现代服务业股票,gp,2020年1季度股票投资明细,2020-03-31,	603456,九洲药业,3.00%,2.97,61.18
	005313,万家中证1000指数增强A,gp,2020年1季度股票投资明细,2020-03-31,	600855,航天长峰,2.00%,2.38,43.82
	005313,万家中证1000指数增强A,gp,2020年1季度股票投资明细,2020-03-31,	600846,同济科技,1.90%,5.05,41.61
	005313,万家中证1000指数增强A,gp,2020年1季度股票投资明细,2020-03-31,	601077,渝农商行,1.76%,7.39,38.42
	005313,万家中证1000指数增强A,gp,2020年1季度股票投资明细,2020-03-31,	002100,天康生物,1.76%,2.99,38.42
	005313,万家中证1000指数增强A,gp,2020年1季度股票投资明细,2020-03-31,	002367,康力电梯,1.64%,4.41,35.99
	005313,万家中证1000指数增强A,gp,2020年1季度股票投资明细,2020-03-31,	603063,禾望电气,1.57%,4.10,34.32
	005313,万家中证1000指数增强A,gp,2020年1季度股票投资明细,2020-03-31,	601058,赛轮轮胎,1.43%,8.31,31.25
	005313,万家中证1000指数增强A,gp,2020年1季度股票投资明细,2020-03-31,	002895,川恒股份,1.42%,2.86,31.06
	005313,万家中证1000指数增强A,gp,2020年1季度股票投资明细,2020-03-31,	002611,东方精工,1.42%,6.96,30.97
	005313,万家中证1000指数增强A,gp,2020年1季度股票投资明细,2020-03-31,	300171,东富龙,1.36%,3.72,29.69
	001009,上投摩根安全战略股票,gp,2020年1季度股票投资明细,2020-03-31,	002475,立讯精密,4.86%,89.21,"3,404.26"
	001009,上投摩根安全战略股票,gp,2020年1季度股票投资明细,2020-03-31,	000661,长春高新,4.52%,5.78,"3,167.88"
	001009,上投摩根安全战略股票,gp,2020年1季度股票投资明细,2020-03-31,	688111,金山办公,3.22%,10.03,"2,252.54"
	001009,上投摩根安全战略股票,gp,2020年1季度股票投资明细,2020-03-31,	002916,深南电路,3.18%,11.30,"2,230.79"
	001009,上投摩根安全战略股票,gp,2020年1季度股票投资明细,2020-03-31,	600900,长江电力,3.12%,126.61,"2,189.16"
	001009,上投摩根安全战略股票,gp,2020年1季度股票投资明细,2020-03-31,	002511,中顺洁柔,3.02%,125.02,"2,119.13"
	001009,上投摩根安全战略股票,gp,2020年1季度股票投资明细,2020-03-31,	300760,迈瑞医疗,2.93%,7.83,"2,050.26"
	001009,上投摩根安全战略股票,gp,2020年1季度股票投资明细,2020-03-31,	603288,海天味业,2.86%,16.01,"2,003.97"
	001009,上投摩根安全战略股票,gp,2020年1季度股票投资明细,2020-03-31,	002607,中公教育,2.81%,86.44,"1,968.27"
	001009,上投摩根安全战略股票,gp,2020年1季度股票投资明细,2020-03-31,	603501,韦尔股份,2.69%,12.09,"1,885.39"
	001707,诺安高端制造股票,gp,2020年1季度股票投资明细,2020-03-31,	300220,金运激光,10.30%,39.33,"1,718.56"
	001707,诺安高端制造股票,gp,2020年1季度股票投资明细,2020-03-31,	000667,美好置业,10.11%,600.00,"1,686.00"
	001707,诺安高端制造股票,gp,2020年1季度股票投资明细,2020-03-31,	000723,美锦能源,9.41%,238.56,"1,569.72"
	001707,诺安高端制造股票,gp,2020年1季度股票投资明细,2020-03-31,	300449,汉邦高科,7.57%,170.01,"1,263.15"
	001707,诺安高端制造股票,gp,2020年1季度股票投资明细,2020-03-31,	000035,中国天楹,7.48%,270.00,"1,247.41"
	001707,诺安高端制造股票,gp,2020年1季度股票投资明细,2020-03-31,	300418,昆仑万维,6.40%,60.00,"1,068.00"
	001707,诺安高端制造股票,gp,2020年1季度股票投资明细,2020-03-31,	601186,中国铁建,5.28%,89.58,880.57
	001707,诺安高端制造股票,gp,2020年1季度股票投资明细,2020-03-31,	002197,证通电子,5.08%,105.26,847.34
	001707,诺安高端制造股票,gp,2020年1季度股票投资明细,2020-03-31,	603712,七一二,4.32%,30.01,720.22
	001707,诺安高端制造股票,gp,2020年1季度股票投资明细,2020-03-31,	600673,东阳光,4.03%,96.12,671.85
	001520,国投瑞银研究精选股票,gp,2020年1季度股票投资明细,2020-03-31,	601318,中国平安,4.20%,7.71,533.30
	001520,国投瑞银研究精选股票,gp,2020年1季度股票投资明细,2020-03-31,	600887,伊利股份,3.78%,16.08,480.15
	001520,国投瑞银研究精选股票,gp,2020年1季度股票投资明细,2020-03-31,	600519,贵州茅台,3.41%,0.39,433.29
	001520,国投瑞银研究精选股票,gp,2020年1季度股票投资明细,2020-03-31,	600036,招商银行,3.19%,12.56,405.44
	001520,国投瑞银研究精选股票,gp,2020年1季度股票投资明细,2020-03-31,	002624,完美世界,2.79%,7.47,355.20
	001520,国投瑞银研究精选股票,gp,2020年1季度股票投资明细,2020-03-31,	600276,恒瑞医药,2.74%,3.79,348.79
	001520,国投瑞银研究精选股票,gp,2020年1季度股票投资明细,2020-03-31,	300059,东方财富,2.66%,21.03,337.52
	001520,国投瑞银研究精选股票,gp,2020年1季度股票投资明细,2020-03-31,	601939,建设银行,2.58%,51.67,327.59
	001520,国投瑞银研究精选股票,gp,2020年1季度股票投资明细,2020-03-31,	600030,中信证券,2.43%,13.95,309.03
	001520,国投瑞银研究精选股票,gp,2020年1季度股票投资明细,2020-03-31,	000001,平安银行,2.37%,23.49,300.67
	004350,汇丰晋信价值先锋股票,gp,2020年1季度股票投资明细,2020-03-31,	600030,中信证券,3.16%,12.66,280.55
	004350,汇丰晋信价值先锋股票,gp,2020年1季度股票投资明细,2020-03-31,	000895,双汇发展,3.00%,6.77,266.06
	004350,汇丰晋信价值先锋股票,gp,2020年1季度股票投资明细,2020-03-31,	601688,华泰证券,2.94%,15.12,260.52
	004350,汇丰晋信价值先锋股票,gp,2020年1季度股票投资明细,2020-03-31,	300001,特锐德,2.83%,12.85,250.83
	004350,汇丰晋信价值先锋股票,gp,2020年1季度股票投资明细,2020-03-31,	300070,碧水源,2.83%,27.20,250.78
	004350,汇丰晋信价值先锋股票,gp,2020年1季度股票投资明细,2020-03-31,	300676,华大基因,2.76%,2.89,244.78
	004350,汇丰晋信价值先锋股票,gp,2020年1季度股票投资明细,2020-03-31,	600521,华海药业,2.72%,9.37,240.81
	004350,汇丰晋信价值先锋股票,gp,2020年1季度股票投资明细,2020-03-31,	002013,中航机电,2.47%,30.35,218.82
	004350,汇丰晋信价值先锋股票,gp,2020年1季度股票投资明细,2020-03-31,	002405,四维图新,2.45%,15.42,216.96
	004350,汇丰晋信价值先锋股票,gp,2020年1季度股票投资明细,2020-03-31,	601318,中国平安,2.36%,3.02,208.89
	001915,宝盈医疗健康沪港深股票,gp,2020年1季度股票投资明细,2020-03-31,	600276,恒瑞医药,8.79%,24.45,"2,249.72"
	001915,宝盈医疗健康沪港深股票,gp,2020年1季度股票投资明细,2020-03-31,	603658,安图生物,7.42%,16.29,"1,897.62"
	001915,宝盈医疗健康沪港深股票,gp,2020年1季度股票投资明细,2020-03-31,	300760,迈瑞医疗,5.89%,5.76,"1,507.39"
	001915,宝盈医疗健康沪港深股票,gp,2020年1季度股票投资明细,2020-03-31,	000661,长春高新,5.46%,2.55,"1,397.40"
	001915,宝盈医疗健康沪港深股票,gp,2020年1季度股票投资明细,2020-03-31,	603259,药明康德,5.32%,15.03,"1,360.35"
	001915,宝盈医疗健康沪港深股票,gp,2020年1季度股票投资明细,2020-03-31,	300529,健帆生物,5.22%,14.10,"1,334.89"
	001915,宝盈医疗健康沪港深股票,gp,2020年1季度股票投资明细,2020-03-31,	002007,华兰生物,5.20%,27.78,"1,331.22"
	001915,宝盈医疗健康沪港深股票,gp,2020年1季度股票投资明细,2020-03-31,	300347,泰格医药,4.52%,18.05,"1,155.79"
	001915,宝盈医疗健康沪港深股票,gp,2020年1季度股票投资明细,2020-03-31,	300482,万孚生物,3.73%,12.31,954.58
	001915,宝盈医疗健康沪港深股票,gp,2020年1季度股票投资明细,2020-03-31,	01177,中国生物制药,3.66%,100.30,936.60
	501030,汇添富中证环境治理指数A,gp,2020年1季度股票投资明细,2020-03-31,	603568,伟明环保,2.59%,11.11,316.92
	501030,汇添富中证环境治理指数A,gp,2020年1季度股票投资明细,2020-03-31,	603686,龙马环卫,2.57%,22.79,314.27
	501030,汇添富中证环境治理指数A,gp,2020年1季度股票投资明细,2020-03-31,	000925,众合科技,2.41%,36.05,295.62
	501030,汇添富中证环境治理指数A,gp,2020年1季度股票投资明细,2020-03-31,	300140,中环装备,2.37%,25.69,290.81
	501030,汇添富中证环境治理指数A,gp,2020年1季度股票投资明细,2020-03-31,	601200,上海环境,2.36%,24.66,289.30
	501030,汇添富中证环境治理指数A,gp,2020年1季度股票投资明细,2020-03-31,	600323,瀚蓝环境,2.34%,14.38,287.09
	501030,汇添富中证环境治理指数A,gp,2020年1季度股票投资明细,2020-03-31,	603588,高能环境,2.34%,26.36,286.80
	501030,汇添富中证环境治理指数A,gp,2020年1季度股票投资明细,2020-03-31,	300422,博世科,2.33%,25.66,285.28
	501030,汇添富中证环境治理指数A,gp,2020年1季度股票投资明细,2020-03-31,	002340,格林美,2.28%,59.94,278.72
	501030,汇添富中证环境治理指数A,gp,2020年1季度股票投资明细,2020-03-31,	002549,凯美特气,2.26%,44.80,276.89
	003647,创金合信中证1000指数增强C,gp,2020年1季度股票投资明细,2020-03-31,	300661,圣邦股份,1.11%,0.36,96.61
	003647,创金合信中证1000指数增强C,gp,2020年1季度股票投资明细,2020-03-31,	002185,华天科技,1.10%,9.75,96.14
	003647,创金合信中证1000指数增强C,gp,2020年1季度股票投资明细,2020-03-31,	002405,四维图新,1.10%,6.83,96.10
	003647,创金合信中证1000指数增强C,gp,2020年1季度股票投资明细,2020-03-31,	300450,先导智能,1.07%,2.49,93.28
	003647,创金合信中证1000指数增强C,gp,2020年1季度股票投资明细,2020-03-31,	300558,贝达药业,0.96%,1.19,83.57
	003647,创金合信中证1000指数增强C,gp,2020年1季度股票投资明细,2020-03-31,	600529,山东药玻,0.95%,2.47,82.94
	003647,创金合信中证1000指数增强C,gp,2020年1季度股票投资明细,2020-03-31,	300737,科顺股份,0.83%,3.87,72.25
	003647,创金合信中证1000指数增强C,gp,2020年1季度股票投资明细,2020-03-31,	603609,禾丰牧业,0.80%,5.46,69.56
	003647,创金合信中证1000指数增强C,gp,2020年1季度股票投资明细,2020-03-31,	600320,振华重工,0.78%,21.09,68.12
	003647,创金合信中证1000指数增强C,gp,2020年1季度股票投资明细,2020-03-31,	603737,三棵树,0.78%,0.76,67.55
	001714,工银文体产业股票,gp,2020年1季度股票投资明细,2020-03-31,	300750,宁德时代,3.85%,147.97,"17,814.17"
	001714,工银文体产业股票,gp,2020年1季度股票投资明细,2020-03-31,	600887,伊利股份,3.28%,509.16,"15,203.43"
	001714,工银文体产业股票,gp,2020年1季度股票投资明细,2020-03-31,	000651,格力电器,3.15%,279.07,"14,567.45"
	001714,工银文体产业股票,gp,2020年1季度股票投资明细,2020-03-31,	600183,生益科技,3.08%,538.81,"14,262.25"
	001714,工银文体产业股票,gp,2020年1季度股票投资明细,2020-03-31,	600872,中炬高新,2.87%,278.54,"13,314.41"
	001714,工银文体产业股票,gp,2020年1季度股票投资明细,2020-03-31,	000063,中兴通讯,2.50%,270.54,"11,578.95"
	001714,工银文体产业股票,gp,2020年1季度股票投资明细,2020-03-31,	000858,五粮液,2.49%,100.19,"11,541.85"
	001714,工银文体产业股票,gp,2020年1季度股票投资明细,2020-03-31,	600298,安琪酵母,2.45%,321.90,"11,330.92"
	001714,工银文体产业股票,gp,2020年1季度股票投资明细,2020-03-31,	600104,上汽集团,2.31%,522.02,"10,701.44"
	001714,工银文体产业股票,gp,2020年1季度股票投资明细,2020-03-31,	600031,三一重工,2.30%,614.50,"10,630.83"
	161039,富国中证1000指数增强,gp,2020年1季度股票投资明细,2020-03-31,	688111,金山办公,3.22%,1.47,309.54
	161039,富国中证1000指数增强,gp,2020年1季度股票投资明细,2020-03-31,	600057,厦门象屿,1.27%,23.80,121.62
	161039,富国中证1000指数增强,gp,2020年1季度股票投资明细,2020-03-31,	603111,康尼机电,1.19%,16.23,114.42
	161039,富国中证1000指数增强,gp,2020年1季度股票投资明细,2020-03-31,	600720,祁连山,1.18%,8.70,113.45
	161039,富国中证1000指数增强,gp,2020年1季度股票投资明细,2020-03-31,	603737,三棵树,1.15%,1.24,110.21
	161039,富国中证1000指数增强,gp,2020年1季度股票投资明细,2020-03-31,	600894,广日股份,1.11%,14.65,106.65
	161039,富国中证1000指数增强,gp,2020年1季度股票投资明细,2020-03-31,	600984,建设机械,1.10%,8.56,106.06
	161039,富国中证1000指数增强,gp,2020年1季度股票投资明细,2020-03-31,	603127,昭衍新药,1.10%,1.46,105.56
	161039,富国中证1000指数增强,gp,2020年1季度股票投资明细,2020-03-31,	603609,禾丰牧业,1.10%,8.27,105.36
	161039,富国中证1000指数增强,gp,2020年1季度股票投资明细,2020-03-31,	300661,圣邦股份,1.09%,0.39,104.66
	006560,华夏四川国改ETF联接A,gp,2020年1季度股票投资明细,2020-03-31,	002935,天奥电子,0.40%,0.11,3.18
	006560,华夏四川国改ETF联接A,gp,2020年1季度股票投资明细,2020-03-31,	002480,新筑股份,0.29%,0.51,2.25
	006560,华夏四川国改ETF联接A,gp,2020年1季度股票投资明细,2020-03-31,	000568,泸州老窖,0.19%,0.02,1.47
	006560,华夏四川国改ETF联接A,gp,2020年1季度股票投资明细,2020-03-31,	002777,久远银海,0.05%,0.01,0.39
	006560,华夏四川国改ETF联接A,gp,2020年1季度股票投资明细,2020-03-31,	300678,中科信息,0.03%,0.01,0.21
	006560,华夏四川国改ETF联接A,gp,2020年1季度股票投资明细,2020-03-31,	000803,金宇车城,0.02%,0.01,0.12
	006560,华夏四川国改ETF联接A,gp,2020年1季度股票投资明细,2020-03-31,	600674,川投能源,0.01%,0.01,0.09
	006560,华夏四川国改ETF联接A,gp,2020年1季度股票投资明细,2020-03-31,	300019,硅宝科技,0.01%,0.01,0.09
	006560,华夏四川国改ETF联接A,gp,2020年1季度股票投资明细,2020-03-31,	600979,广安爱众,0.01%,0.02,0.08
	006560,华夏四川国改ETF联接A,gp,2020年1季度股票投资明细,2020-03-31,	600039,四川路桥,0.01%,0.02,0.08
	002194,北信瑞丰稳定增强,hh,2020年1季度股票投资明细,2020-03-31,	600519,贵州茅台,4.49%,1.00,"1,111.00"
	002194,北信瑞丰稳定增强,hh,2020年1季度股票投资明细,2020-03-31,	600276,恒瑞医药,3.35%,9.00,828.27
	002194,北信瑞丰稳定增强,hh,2020年1季度股票投资明细,2020-03-31,	600036,招商银行,3.26%,25.00,807.00
	002194,北信瑞丰稳定增强,hh,2020年1季度股票投资明细,2020-03-31,	600048,保利地产,2.40%,40.00,594.80
	002194,北信瑞丰稳定增强,hh,2020年1季度股票投资明细,2020-03-31,	601939,建设银行,2.31%,90.00,570.60
	002194,北信瑞丰稳定增强,hh,2020年1季度股票投资明细,2020-03-31,	601166,兴业银行,1.93%,30.00,477.30
	002194,北信瑞丰稳定增强,hh,2020年1季度股票投资明细,2020-03-31,	600030,中信证券,1.79%,20.00,443.20
	002194,北信瑞丰稳定增强,hh,2020年1季度股票投资明细,2020-03-31,	601318,中国平安,1.40%,5.00,345.85
	002194,北信瑞丰稳定增强,hh,2020年1季度股票投资明细,2020-03-31,	600585,海螺水泥,1.11%,5.00,275.50
	002194,北信瑞丰稳定增强,hh,2020年1季度股票投资明细,2020-03-31,	601186,中国铁建,0.79%,20.00,196.60
	003956,南方教育股票,gp,2020年1季度股票投资明细,2020-03-31,	300010,立思辰,7.29%,516.74,"7,968.17"
	003956,南方教育股票,gp,2020年1季度股票投资明细,2020-03-31,	688111,金山办公,7.01%,34.11,"7,657.00"
	003956,南方教育股票,gp,2020年1季度股票投资明细,2020-03-31,	002607,中公教育,6.47%,310.71,"7,074.89"
	003956,南方教育股票,gp,2020年1季度股票投资明细,2020-03-31,	603986,兆易创新,5.60%,25.77,"6,119.26"
	003956,南方教育股票,gp,2020年1季度股票投资明细,2020-03-31,	600636,三爱富,5.12%,497.71,"5,594.30"
	003956,南方教育股票,gp,2020年1季度股票投资明细,2020-03-31,	603501,韦尔股份,4.62%,32.41,"5,052.61"
	003956,南方教育股票,gp,2020年1季度股票投资明细,2020-03-31,	300573,兴齐眼药,4.49%,52.70,"4,906.68"
	003956,南方教育股票,gp,2020年1季度股票投资明细,2020-03-31,	603019,中科曙光,4.30%,107.53,"4,695.76"
	003956,南方教育股票,gp,2020年1季度股票投资明细,2020-03-31,	300659,中孚信息,4.06%,63.41,"4,438.70"
	003956,南方教育股票,gp,2020年1季度股票投资明细,2020-03-31,	300192,科斯伍德,4.01%,249.45,"4,380.34"
	005777,广发科技动力股票,gp,2020年1季度股票投资明细,2020-03-31,	03690,美团点评-W,10.52%,439.53,"37,609.71"
	005777,广发科技动力股票,gp,2020年1季度股票投资明细,2020-03-31,	00700,腾讯控股,10.01%,103.05,"35,798.41"
	005777,广发科技动力股票,gp,2020年1季度股票投资明细,2020-03-31,	002415,海康威视,6.10%,782.07,"21,819.69"
	005777,广发科技动力股票,gp,2020年1季度股票投资明细,2020-03-31,	600588,用友网络,5.66%,500.35,"20,244.03"
	005777,广发科技动力股票,gp,2020年1季度股票投资明细,2020-03-31,	02269,药明生物,5.23%,203.80,"18,714.31"
	005777,广发科技动力股票,gp,2020年1季度股票投资明细,2020-03-31,	300383,光环新网,4.50%,672.75,"16,098.95"
	005777,广发科技动力股票,gp,2020年1季度股票投资明细,2020-03-31,	600570,恒生电子,4.46%,181.30,"15,936.11"
	005777,广发科技动力股票,gp,2020年1季度股票投资明细,2020-03-31,	300760,迈瑞医疗,4.02%,54.98,"14,387.90"
	005777,广发科技动力股票,gp,2020年1季度股票投资明细,2020-03-31,	01177,中国生物制药,3.93%,"1,505.30","14,056.51"
	005777,广发科技动力股票,gp,2020年1季度股票投资明细,2020-03-31,	688018,乐鑫科技,3.82%,71.36,"13,650.50"
	006911,长江量化匠心甄选A,gp,2020年1季度股票投资明细,2020-03-31,	600120,浙江东方,1.62%,1.66,14.19
	006911,长江量化匠心甄选A,gp,2020年1季度股票投资明细,2020-03-31,	600276,恒瑞医药,1.58%,0.15,13.80
	006911,长江量化匠心甄选A,gp,2020年1季度股票投资明细,2020-03-31,	300498,温氏股份,1.55%,0.42,13.57
	006911,长江量化匠心甄选A,gp,2020年1季度股票投资明细,2020-03-31,	000690,宝新能源,1.55%,2.60,13.52
	006911,长江量化匠心甄选A,gp,2020年1季度股票投资明细,2020-03-31,	300251,光线传媒,1.54%,1.51,13.45
	006911,长江量化匠心甄选A,gp,2020年1季度股票投资明细,2020-03-31,	002714,牧原股份,1.54%,0.11,13.44
	006911,长江量化匠心甄选A,gp,2020年1季度股票投资明细,2020-03-31,	603712,七一二,1.48%,0.54,12.96
	006911,长江量化匠心甄选A,gp,2020年1季度股票投资明细,2020-03-31,	002182,云海金属,1.42%,1.33,12.40
	006911,长江量化匠心甄选A,gp,2020年1季度股票投资明细,2020-03-31,	600895,张江高科,1.42%,1.02,12.37
	006911,长江量化匠心甄选A,gp,2020年1季度股票投资明细,2020-03-31,	601012,隆基股份,1.39%,0.49,12.17
	006957,长江量化匠心甄选C,gp,2020年1季度股票投资明细,2020-03-31,	600120,浙江东方,1.62%,1.66,14.19
	006957,长江量化匠心甄选C,gp,2020年1季度股票投资明细,2020-03-31,	600276,恒瑞医药,1.58%,0.15,13.80
	006957,长江量化匠心甄选C,gp,2020年1季度股票投资明细,2020-03-31,	300498,温氏股份,1.55%,0.42,13.57
	006957,长江量化匠心甄选C,gp,2020年1季度股票投资明细,2020-03-31,	000690,宝新能源,1.55%,2.60,13.52
	006957,长江量化匠心甄选C,gp,2020年1季度股票投资明细,2020-03-31,	300251,光线传媒,1.54%,1.51,13.45
	006957,长江量化匠心甄选C,gp,2020年1季度股票投资明细,2020-03-31,	002714,牧原股份,1.54%,0.11,13.44
	006957,长江量化匠心甄选C,gp,2020年1季度股票投资明细,2020-03-31,	603712,七一二,1.48%,0.54,12.96
	006957,长江量化匠心甄选C,gp,2020年1季度股票投资明细,2020-03-31,	002182,云海金属,1.42%,1.33,12.40
	006957,长江量化匠心甄选C,gp,2020年1季度股票投资明细,2020-03-31,	600895,张江高科,1.42%,1.02,12.37
	006957,长江量化匠心甄选C,gp,2020年1季度股票投资明细,2020-03-31,	601012,隆基股份,1.39%,0.49,12.17
	370023,上投摩根中证消费服务指数,gp,2020年1季度股票投资明细,2020-03-31,	600276,恒瑞医药,5.17%,1.64,150.98
	370023,上投摩根中证消费服务指数,gp,2020年1季度股票投资明细,2020-03-31,	600519,贵州茅台,4.37%,0.11,127.54
	370023,上投摩根中证消费服务指数,gp,2020年1季度股票投资明细,2020-03-31,	601318,中国平安,3.87%,1.63,112.88
	370023,上投摩根中证消费服务指数,gp,2020年1季度股票投资明细,2020-03-31,	000858,五粮液,3.36%,0.85,98.06
	370023,上投摩根中证消费服务指数,gp,2020年1季度股票投资明细,2020-03-31,	600887,伊利股份,2.73%,2.67,79.59
	370023,上投摩根中证消费服务指数,gp,2020年1季度股票投资明细,2020-03-31,	000661,长春高新,2.57%,0.14,75.02
	370023,上投摩根中证消费服务指数,gp,2020年1季度股票投资明细,2020-03-31,	603259,药明康德,2.27%,0.73,66.24
	370023,上投摩根中证消费服务指数,gp,2020年1季度股票投资明细,2020-03-31,	601888,中国国旅,2.25%,0.98,65.79
	370023,上投摩根中证消费服务指数,gp,2020年1季度股票投资明细,2020-03-31,	600036,招商银行,2.01%,1.82,58.69
	370023,上投摩根中证消费服务指数,gp,2020年1季度股票投资明细,2020-03-31,	600570,恒生电子,1.94%,0.64,56.61
	000729,建信中小盘先锋股票,gp,2020年1季度股票投资明细,2020-03-31,	300122,智飞生物,6.93%,16.55,"1,115.30"
	000729,建信中小盘先锋股票,gp,2020年1季度股票投资明细,2020-03-31,	002174,游族网络,5.62%,48.13,904.44
	000729,建信中小盘先锋股票,gp,2020年1季度股票投资明细,2020-03-31,	002127,南极电商,4.08%,56.52,655.57
	000729,建信中小盘先锋股票,gp,2020年1季度股票投资明细,2020-03-31,	603444,吉比特,4.01%,1.57,644.31
	000729,建信中小盘先锋股票,gp,2020年1季度股票投资明细,2020-03-31,	000513,丽珠集团,3.92%,16.07,631.23
	000729,建信中小盘先锋股票,gp,2020年1季度股票投资明细,2020-03-31,	000661,长春高新,3.37%,0.99,542.52
	000729,建信中小盘先锋股票,gp,2020年1季度股票投资明细,2020-03-31,	002405,四维图新,2.84%,32.43,456.29
	000729,建信中小盘先锋股票,gp,2020年1季度股票投资明细,2020-03-31,	300604,长川科技,2.78%,19.72,447.23
	000729,建信中小盘先锋股票,gp,2020年1季度股票投资明细,2020-03-31,	688015,交控科技,2.73%,8.99,439.90
	000729,建信中小盘先锋股票,gp,2020年1季度股票投资明细,2020-03-31,	002373,千方科技,2.60%,20.50,418.20
	002288,中银稳进策略混合,hh,2020年1季度股票投资明细,2020-03-31,	600547,山东黄金,1.21%,4.69,161.05
	002288,中银稳进策略混合,hh,2020年1季度股票投资明细,2020-03-31,	600298,安琪酵母,1.16%,4.39,154.53
	002288,中银稳进策略混合,hh,2020年1季度股票投资明细,2020-03-31,	600900,长江电力,1.09%,8.41,145.41
	002288,中银稳进策略混合,hh,2020年1季度股票投资明细,2020-03-31,	600674,川投能源,1.09%,15.68,144.26
	002288,中银稳进策略混合,hh,2020年1季度股票投资明细,2020-03-31,	600886,国投电力,1.08%,17.99,142.84
	002288,中银稳进策略混合,hh,2020年1季度股票投资明细,2020-03-31,	600104,上汽集团,1.00%,6.47,132.64
	002288,中银稳进策略混合,hh,2020年1季度股票投资明细,2020-03-31,	601398,工商银行,1.00%,25.74,132.56
	002288,中银稳进策略混合,hh,2020年1季度股票投资明细,2020-03-31,	601288,农业银行,1.00%,39.33,132.53
	002288,中银稳进策略混合,hh,2020年1季度股票投资明细,2020-03-31,	000883,湖北能源,0.99%,37.29,132.01
	002288,中银稳进策略混合,hh,2020年1季度股票投资明细,2020-03-31,	000598,兴蓉环境,0.98%,28.58,130.61
	007903,长城量化小盘股票,gp,2020年1季度股票投资明细,2020-03-31,	002847,盐津铺子,1.24%,38.73,"2,163.07"
	007903,长城量化小盘股票,gp,2020年1季度股票投资明细,2020-03-31,	002557,洽洽食品,1.16%,44.92,"2,026.19"
	007903,长城量化小盘股票,gp,2020年1季度股票投资明细,2020-03-31,	300601,康泰生物,1.15%,17.48,"2,003.19"
	007903,长城量化小盘股票,gp,2020年1季度股票投资明细,2020-03-31,	002324,普利特,1.13%,107.39,"1,964.16"
	007903,长城量化小盘股票,gp,2020年1季度股票投资明细,2020-03-31,	603638,艾迪精密,1.09%,54.09,"1,903.98"
	007903,长城量化小盘股票,gp,2020年1季度股票投资明细,2020-03-31,	300759,康龙化成,1.09%,31.94,"1,895.00"
	007903,长城量化小盘股票,gp,2020年1季度股票投资明细,2020-03-31,	300699,光威复材,1.08%,37.82,"1,874.94"
	007903,长城量化小盘股票,gp,2020年1季度股票投资明细,2020-03-31,	600496,精工钢构,1.07%,471.14,"1,870.44"
	007903,长城量化小盘股票,gp,2020年1季度股票投资明细,2020-03-31,	300114,中航电测,1.02%,175.42,"1,773.50"
	007903,长城量化小盘股票,gp,2020年1季度股票投资明细,2020-03-31,	603208,江山欧派,0.99%,21.78,"1,719.00"
	257050,国联安主题驱动混合,hh,2020年1季度股票投资明细,2020-03-31,	600900,长江电力,4.22%,20.00,345.80
	257050,国联安主题驱动混合,hh,2020年1季度股票投资明细,2020-03-31,	600519,贵州茅台,4.21%,0.31,344.41
	257050,国联安主题驱动混合,hh,2020年1季度股票投资明细,2020-03-31,	600276,恒瑞医药,4.05%,3.60,331.31
	257050,国联安主题驱动混合,hh,2020年1季度股票投资明细,2020-03-31,	600845,宝信软件,3.98%,8.20,325.97
	257050,国联安主题驱动混合,hh,2020年1季度股票投资明细,2020-03-31,	600048,保利地产,3.54%,19.50,289.97
	257050,国联安主题驱动混合,hh,2020年1季度股票投资明细,2020-03-31,	600036,招商银行,3.15%,8.00,258.24
	257050,国联安主题驱动混合,hh,2020年1季度股票投资明细,2020-03-31,	601318,中国平安,3.04%,3.60,249.01
	257050,国联安主题驱动混合,hh,2020年1季度股票投资明细,2020-03-31,	600585,海螺水泥,2.86%,4.25,234.18
	257050,国联安主题驱动混合,hh,2020年1季度股票投资明细,2020-03-31,	601012,隆基股份,2.73%,9.00,223.56
	257050,国联安主题驱动混合,hh,2020年1季度股票投资明细,2020-03-31,	600305,恒顺醋业,2.56%,10.70,209.61
	001705,泓德战略转型股票,gp,2020年1季度股票投资明细,2020-03-31,	601012,隆基股份,6.59%,185.10,"4,597.85"
	001705,泓德战略转型股票,gp,2020年1季度股票投资明细,2020-03-31,	601318,中国平安,5.70%,57.55,"3,980.51"
	001705,泓德战略转型股票,gp,2020年1季度股票投资明细,2020-03-31,	603338,浙江鼎力,5.56%,67.64,"3,882.47"
	001705,泓德战略转型股票,gp,2020年1季度股票投资明细,2020-03-31,	300760,迈瑞医疗,5.35%,14.26,"3,731.95"
	001705,泓德战略转型股票,gp,2020年1季度股票投资明细,2020-03-31,	300750,宁德时代,4.24%,24.56,"2,956.49"
	001705,泓德战略转型股票,gp,2020年1季度股票投资明细,2020-03-31,	601100,恒立液压,4.22%,47.95,"2,948.80"
	001705,泓德战略转型股票,gp,2020年1季度股票投资明细,2020-03-31,	603517,绝味食品,4.18%,56.38,"2,917.82"
	001705,泓德战略转型股票,gp,2020年1季度股票投资明细,2020-03-31,	600779,水井坊,4.16%,67.43,"2,902.90"
	001705,泓德战略转型股票,gp,2020年1季度股票投资明细,2020-03-31,	300188,美亚柏科,4.02%,138.06,"2,806.68"
	001705,泓德战略转型股票,gp,2020年1季度股票投资明细,2020-03-31,	300124,汇川技术,3.93%,106.14,"2,743.69"
	005565,创金合信国证2000指数A,gp,2020年1季度股票投资明细,2020-03-31,	002031,巨轮智能,0.63%,3.57,6.78
	005565,创金合信国证2000指数A,gp,2020年1季度股票投资明细,2020-03-31,	603123,翠微股份,0.60%,0.61,6.41
	005565,创金合信国证2000指数A,gp,2020年1季度股票投资明细,2020-03-31,	000913,钱江摩托,0.59%,0.62,6.31
	005565,创金合信国证2000指数A,gp,2020年1季度股票投资明细,2020-03-31,	600693,东百集团,0.49%,1.06,5.31
	005565,创金合信国证2000指数A,gp,2020年1季度股票投资明细,2020-03-31,	300497,富祥药业,0.48%,0.19,5.15
	005565,创金合信国证2000指数A,gp,2020年1季度股票投资明细,2020-03-31,	300702,天宇股份,0.48%,0.06,5.13
	005565,创金合信国证2000指数A,gp,2020年1季度股票投资明细,2020-03-31,	600382,广东明珠,0.47%,0.84,5.11
	005565,创金合信国证2000指数A,gp,2020年1季度股票投资明细,2020-03-31,	000529,广弘控股,0.47%,0.73,5.04
	005565,创金合信国证2000指数A,gp,2020年1季度股票投资明细,2020-03-31,	000042,中洲控股,0.47%,0.55,5.04
	005565,创金合信国证2000指数A,gp,2020年1季度股票投资明细,2020-03-31,	002928,华夏航空,0.46%,0.38,4.95
	001396,建信互联网+产业升级股票,gp,2020年1季度股票投资明细,2020-03-31,	002624,完美世界,7.44%,136.15,"6,473.79"
	001396,建信互联网+产业升级股票,gp,2020年1季度股票投资明细,2020-03-31,	600519,贵州茅台,5.97%,4.67,"5,188.37"
	001396,建信互联网+产业升级股票,gp,2020年1季度股票投资明细,2020-03-31,	002714,牧原股份,5.31%,37.81,"4,620.22"
	001396,建信互联网+产业升级股票,gp,2020年1季度股票投资明细,2020-03-31,	603429,集友股份,4.54%,111.02,"3,952.26"
	001396,建信互联网+产业升级股票,gp,2020年1季度股票投资明细,2020-03-31,	002475,立讯精密,4.28%,97.50,"3,720.56"
	001396,建信互联网+产业升级股票,gp,2020年1季度股票投资明细,2020-03-31,	000002,万科A,4.16%,140.94,"3,615.15"
	001396,建信互联网+产业升级股票,gp,2020年1季度股票投资明细,2020-03-31,	600703,三安光电,3.53%,160.36,"3,070.89"
	001396,建信互联网+产业升级股票,gp,2020年1季度股票投资明细,2020-03-31,	600048,保利地产,3.34%,195.49,"2,906.94"
	001396,建信互联网+产业升级股票,gp,2020年1季度股票投资明细,2020-03-31,	000671,阳光城,3.20%,397.55,"2,778.90"
	001396,建信互联网+产业升级股票,gp,2020年1季度股票投资明细,2020-03-31,	002399,海普瑞,2.99%,126.36,"2,603.02"
	007133,嘉实长青竞争优势股票A,gp,2020年1季度股票投资明细,2020-03-31,	300122,智飞生物,2.36%,3.47,233.84
	007133,嘉实长青竞争优势股票A,gp,2020年1季度股票投资明细,2020-03-31,	002311,海大集团,2.22%,5.47,219.89
	007133,嘉实长青竞争优势股票A,gp,2020年1季度股票投资明细,2020-03-31,	000858,五粮液,2.11%,1.82,209.66
	007133,嘉实长青竞争优势股票A,gp,2020年1季度股票投资明细,2020-03-31,	002007,华兰生物,2.11%,4.38,209.65
	007133,嘉实长青竞争优势股票A,gp,2020年1季度股票投资明细,2020-03-31,	000568,泸州老窖,2.04%,2.75,202.54
	007133,嘉实长青竞争优势股票A,gp,2020年1季度股票投资明细,2020-03-31,	002607,中公教育,2.01%,8.75,199.24
	007133,嘉实长青竞争优势股票A,gp,2020年1季度股票投资明细,2020-03-31,	600887,伊利股份,1.98%,6.57,196.18
	007133,嘉实长青竞争优势股票A,gp,2020年1季度股票投资明细,2020-03-31,	002818,富森美,1.96%,16.09,193.99
	007133,嘉实长青竞争优势股票A,gp,2020年1季度股票投资明细,2020-03-31,	603444,吉比特,1.94%,0.47,192.88
	007133,嘉实长青竞争优势股票A,gp,2020年1季度股票投资明细,2020-03-31,	600167,联美控股,1.94%,13.78,192.37
	001637,嘉实腾讯自选股大数据策略股票,gp,2020年1季度股票投资明细,2020-03-31,	600466,蓝光发展,1.82%,51.09,308.07
	001637,嘉实腾讯自选股大数据策略股票,gp,2020年1季度股票投资明细,2020-03-31,	002204,大连重工,1.71%,98.12,288.47
	001637,嘉实腾讯自选股大数据策略股票,gp,2020年1季度股票投资明细,2020-03-31,	002025,航天电器,1.57%,10.94,265.95
	001637,嘉实腾讯自选股大数据策略股票,gp,2020年1季度股票投资明细,2020-03-31,	002130,沃尔核材,1.46%,55.88,246.43
	001637,嘉实腾讯自选股大数据策略股票,gp,2020年1季度股票投资明细,2020-03-31,	300369,绿盟科技,1.37%,12.30,231.36
	001637,嘉实腾讯自选股大数据策略股票,gp,2020年1季度股票投资明细,2020-03-31,	300036,超图软件,1.35%,10.04,227.51
	001637,嘉实腾讯自选股大数据策略股票,gp,2020年1季度股票投资明细,2020-03-31,	600030,中信证券,1.34%,10.20,226.03
	001637,嘉实腾讯自选股大数据策略股票,gp,2020年1季度股票投资明细,2020-03-31,	600100,同方股份,1.20%,25.47,203.00
	001637,嘉实腾讯自选股大数据策略股票,gp,2020年1季度股票投资明细,2020-03-31,	002318,久立特材,1.19%,27.06,200.51
	001637,嘉实腾讯自选股大数据策略股票,gp,2020年1季度股票投资明细,2020-03-31,	300014,亿纬锂能,1.17%,3.41,198.16
	003069,光大保德信创业板量化优选A,gp,2020年1季度股票投资明细,2020-03-31,	300760,迈瑞医疗,4.17%,2.99,782.48
	003069,光大保德信创业板量化优选A,gp,2020年1季度股票投资明细,2020-03-31,	300498,温氏股份,4.12%,23.92,772.70
	003069,光大保德信创业板量化优选A,gp,2020年1季度股票投资明细,2020-03-31,	300059,东方财富,3.13%,36.64,588.15
	003069,光大保德信创业板量化优选A,gp,2020年1季度股票投资明细,2020-03-31,	300526,中潜股份,3.11%,3.54,584.06
	003069,光大保德信创业板量化优选A,gp,2020年1季度股票投资明细,2020-03-31,	300014,亿纬锂能,2.31%,7.46,433.62
	003069,光大保德信创业板量化优选A,gp,2020年1季度股票投资明细,2020-03-31,	300433,蓝思科技,2.20%,28.36,412.92
	003069,光大保德信创业板量化优选A,gp,2020年1季度股票投资明细,2020-03-31,	300454,深信服,1.95%,2.32,366.70
	003069,光大保德信创业板量化优选A,gp,2020年1季度股票投资明细,2020-03-31,	300750,宁德时代,1.75%,2.72,327.76
	003069,光大保德信创业板量化优选A,gp,2020年1季度股票投资明细,2020-03-31,	300630,普利制药,1.64%,4.82,307.59
	003069,光大保德信创业板量化优选A,gp,2020年1季度股票投资明细,2020-03-31,	300347,泰格医药,1.53%,4.47,286.30
	002952,建信多因子量化股票,gp,2020年1季度股票投资明细,2020-03-31,	600519,贵州茅台,6.88%,0.35,388.85
	002952,建信多因子量化股票,gp,2020年1季度股票投资明细,2020-03-31,	601658,邮储银行,3.65%,39.83,206.31
	002952,建信多因子量化股票,gp,2020年1季度股票投资明细,2020-03-31,	600048,保利地产,3.17%,12.05,179.18
	002952,建信多因子量化股票,gp,2020年1季度股票投资明细,2020-03-31,	600276,恒瑞医药,3.11%,1.91,175.78
	002952,建信多因子量化股票,gp,2020年1季度股票投资明细,2020-03-31,	600031,三一重工,1.97%,6.44,111.41
	002952,建信多因子量化股票,gp,2020年1季度股票投资明细,2020-03-31,	601066,中信建投,1.79%,3.25,100.85
	002952,建信多因子量化股票,gp,2020年1季度股票投资明细,2020-03-31,	600763,通策医疗,1.76%,0.92,99.16
	002952,建信多因子量化股票,gp,2020年1季度股票投资明细,2020-03-31,	601318,中国平安,1.60%,1.31,90.61
	002952,建信多因子量化股票,gp,2020年1季度股票投资明细,2020-03-31,	600887,伊利股份,1.56%,2.96,88.39
	002952,建信多因子量化股票,gp,2020年1季度股票投资明细,2020-03-31,	603259,药明康德,1.49%,0.93,84.16
	002978,广发医药卫生联接C,gp,2020年1季度股票投资明细,2020-03-31,	600276,恒瑞医药,0.07%,1.13,103.99
	002978,广发医药卫生联接C,gp,2020年1季度股票投资明细,2020-03-31,	000661,长春高新,0.06%,0.18,100.23
	002978,广发医药卫生联接C,gp,2020年1季度股票投资明细,2020-03-31,	300760,迈瑞医疗,0.06%,0.38,99.45
	002978,广发医药卫生联接C,gp,2020年1季度股票投资明细,2020-03-31,	000538,云南白药,0.06%,1.15,98.38
	002978,广发医药卫生联接C,gp,2020年1季度股票投资明细,2020-03-31,	300142,沃森生物,0.06%,3.09,97.83
	002978,广发医药卫生联接C,gp,2020年1季度股票投资明细,2020-03-31,	603259,药明康德,0.06%,1.06,95.92
	002978,广发医药卫生联接C,gp,2020年1季度股票投资明细,2020-03-31,	300015,爱尔眼科,0.06%,2.42,95.34
	002978,广发医药卫生联接C,gp,2020年1季度股票投资明细,2020-03-31,	002007,华兰生物,0.06%,1.87,89.49
	002978,广发医药卫生联接C,gp,2020年1季度股票投资明细,2020-03-31,	300347,泰格医药,0.05%,1.34,85.51
	002978,广发医药卫生联接C,gp,2020年1季度股票投资明细,2020-03-31,	300003,乐普医疗,0.05%,2.21,80.05
	100032,富国中证红利指数增强A,gp,2020年1季度股票投资明细,2020-03-31,	002110,三钢闽光,2.17%,"1,055.71","8,414.01"
	100032,富国中证红利指数增强A,gp,2020年1季度股票投资明细,2020-03-31,	002367,康力电梯,1.91%,903.80,"7,374.98"
	100032,富国中证红利指数增强A,gp,2020年1季度股票投资明细,2020-03-31,	601636,旗滨集团,1.85%,"1,479.23","7,144.68"
	100032,富国中证红利指数增强A,gp,2020年1季度股票投资明细,2020-03-31,	603328,依顿电子,1.79%,693.08,"6,928.66"
	100032,富国中证红利指数增强A,gp,2020年1季度股票投资明细,2020-03-31,	600507,方大特钢,1.71%,817.57,"6,605.98"
	100032,富国中证红利指数增强A,gp,2020年1季度股票投资明细,2020-03-31,	601818,光大银行,1.66%,"1,784.79","6,443.09"
	100032,富国中证红利指数增强A,gp,2020年1季度股票投资明细,2020-03-31,	000656,金科股份,1.59%,773.20,"6,154.67"
	100032,富国中证红利指数增强A,gp,2020年1季度股票投资明细,2020-03-31,	601003,柳钢股份,1.52%,"1,195.49","5,869.87"
	100032,富国中证红利指数增强A,gp,2020年1季度股票投资明细,2020-03-31,	601328,交通银行,1.48%,"1,110.39","5,729.61"
	100032,富国中证红利指数增强A,gp,2020年1季度股票投资明细,2020-03-31,	000036,华联控股,1.46%,"1,676.80","5,650.81"
	006569,国联安中证医药100C,gp,2020年1季度股票投资明细,2020-03-31,	600276,恒瑞医药,2.01%,45.27,"4,165.85"
	006569,国联安中证医药100C,gp,2020年1季度股票投资明细,2020-03-31,	002603,以岭药业,1.65%,152.39,"3,421.06"
	006569,国联安中证医药100C,gp,2020年1季度股票投资明细,2020-03-31,	002223,鱼跃医疗,1.53%,87.47,"3,173.43"
	006569,国联安中证医药100C,gp,2020年1季度股票投资明细,2020-03-31,	002950,奥美医疗,1.49%,86.71,"3,089.48"
	006569,国联安中证医药100C,gp,2020年1季度股票投资明细,2020-03-31,	002030,达安基因,1.36%,162.97,"2,825.84"
	006569,国联安中证医药100C,gp,2020年1季度股票投资明细,2020-03-31,	300482,万孚生物,1.32%,35.48,"2,750.68"
	006569,国联安中证医药100C,gp,2020年1季度股票投资明细,2020-03-31,	000739,普洛药业,1.23%,128.91,"2,557.57"
	006569,国联安中证医药100C,gp,2020年1季度股票投资明细,2020-03-31,	600521,华海药业,1.22%,98.31,"2,526.65"
	006569,国联安中证医药100C,gp,2020年1季度股票投资明细,2020-03-31,	002007,华兰生物,1.20%,52.01,"2,492.54"
	006569,国联安中证医药100C,gp,2020年1季度股票投资明细,2020-03-31,	300122,智飞生物,1.19%,36.76,"2,477.07"
	006687,方正富邦深证100ETF联接A,gp,2020年1季度股票投资明细,2020-03-31,	000651,格力电器,0.17%,1.20,62.64
	006687,方正富邦深证100ETF联接A,gp,2020年1季度股票投资明细,2020-03-31,	000333,美的集团,0.17%,1.28,61.98
	006687,方正富邦深证100ETF联接A,gp,2020年1季度股票投资明细,2020-03-31,	000858,五粮液,0.15%,0.48,55.30
	006687,方正富邦深证100ETF联接A,gp,2020年1季度股票投资明细,2020-03-31,	000661,长春高新,0.12%,0.08,43.84
	006687,方正富邦深证100ETF联接A,gp,2020年1季度股票投资明细,2020-03-31,	000002,万科A,0.11%,1.52,38.99
	006687,方正富邦深证100ETF联接A,gp,2020年1季度股票投资明细,2020-03-31,	300498,温氏股份,0.09%,1.04,33.59
	006687,方正富邦深证100ETF联接A,gp,2020年1季度股票投资明细,2020-03-31,	000001,平安银行,0.08%,2.40,30.72
	006687,方正富邦深证100ETF联接A,gp,2020年1季度股票投资明细,2020-03-31,	002475,立讯精密,0.08%,0.80,30.53
	006687,方正富邦深证100ETF联接A,gp,2020年1季度股票投资明细,2020-03-31,	300750,宁德时代,0.08%,0.24,28.89
	006687,方正富邦深证100ETF联接A,gp,2020年1季度股票投资明细,2020-03-31,	000063,中兴通讯,0.08%,0.64,27.39
	005502,华泰紫金智能量化股票发起,gp,2020年1季度股票投资明细,2020-03-31,	000063,中兴通讯,3.09%,2.99,127.97
	005502,华泰紫金智能量化股票发起,gp,2020年1季度股票投资明细,2020-03-31,	300760,迈瑞医疗,2.97%,0.47,123.00
	005502,华泰紫金智能量化股票发起,gp,2020年1季度股票投资明细,2020-03-31,	600030,中信证券,2.84%,5.30,117.45
	005502,华泰紫金智能量化股票发起,gp,2020年1季度股票投资明细,2020-03-31,	600837,海通证券,2.67%,8.61,110.55
	005502,华泰紫金智能量化股票发起,gp,2020年1季度股票投资明细,2020-03-31,	600900,长江电力,2.51%,6.00,103.74
	005502,华泰紫金智能量化股票发起,gp,2020年1季度股票投资明细,2020-03-31,	600276,恒瑞医药,2.31%,1.04,95.71
	005502,华泰紫金智能量化股票发起,gp,2020年1季度股票投资明细,2020-03-31,	002142,宁波银行,2.19%,3.94,90.86
	005502,华泰紫金智能量化股票发起,gp,2020年1季度股票投资明细,2020-03-31,	601211,国泰君安,2.15%,5.48,89.21
	005502,华泰紫金智能量化股票发起,gp,2020年1季度股票投资明细,2020-03-31,	002463,沪电股份,2.12%,3.71,87.85
	005502,华泰紫金智能量化股票发起,gp,2020年1季度股票投资明细,2020-03-31,	000625,长安汽车,1.82%,7.11,75.22
	005691,南方中证100指数C,gp,2020年1季度股票投资明细,2020-03-31,	601318,中国平安,8.03%,22.89,"1,583.30"
	005691,南方中证100指数C,gp,2020年1季度股票投资明细,2020-03-31,	600519,贵州茅台,5.98%,1.06,"1,179.44"
	005691,南方中证100指数C,gp,2020年1季度股票投资明细,2020-03-31,	600036,招商银行,3.57%,21.80,703.70
	005691,南方中证100指数C,gp,2020年1季度股票投资明细,2020-03-31,	600276,恒瑞医药,3.06%,6.55,602.37
	005691,南方中证100指数C,gp,2020年1季度股票投资明细,2020-03-31,	000651,格力电器,2.69%,10.17,530.87
	005691,南方中证100指数C,gp,2020年1季度股票投资明细,2020-03-31,	000333,美的集团,2.52%,10.27,497.27
	005691,南方中证100指数C,gp,2020年1季度股票投资明细,2020-03-31,	601166,兴业银行,2.48%,30.74,489.07
	005691,南方中证100指数C,gp,2020年1季度股票投资明细,2020-03-31,	000858,五粮液,2.40%,4.10,472.32
	005691,南方中证100指数C,gp,2020年1季度股票投资明细,2020-03-31,	600030,中信证券,2.02%,18.01,399.10
	005691,南方中证100指数C,gp,2020年1季度股票投资明细,2020-03-31,	600887,伊利股份,1.95%,12.89,384.90
	000979,景顺长城沪港深精选股票,gp,2020年1季度股票投资明细,2020-03-31,	00788,中国铁塔,8.31%,"14,755.00","23,458.06"
	000979,景顺长城沪港深精选股票,gp,2020年1季度股票投资明细,2020-03-31,	00388,香港交易所,7.95%,105.00,"22,430.42"
	000979,景顺长城沪港深精选股票,gp,2020年1季度股票投资明细,2020-03-31,	00700,腾讯控股,7.58%,61.59,"21,396.30"
	000979,景顺长城沪港深精选股票,gp,2020年1季度股票投资明细,2020-03-31,	02313,申洲国际,5.99%,224.49,"16,901.60"
	000979,景顺长城沪港深精选股票,gp,2020年1季度股票投资明细,2020-03-31,	01109,华润置地,5.48%,529.40,"15,478.81"
	000979,景顺长城沪港深精选股票,gp,2020年1季度股票投资明细,2020-03-31,	00968,信义光能,5.33%,"3,748.00","15,033.76"
	000979,景顺长城沪港深精选股票,gp,2020年1季度股票投资明细,2020-03-31,	600674,川投能源,4.92%,"1,508.72","13,880.25"
	000979,景顺长城沪港深精选股票,gp,2020年1季度股票投资明细,2020-03-31,	002727,一心堂,4.76%,519.25,"13,427.69"
	000979,景顺长城沪港深精选股票,gp,2020年1季度股票投资明细,2020-03-31,	601098,中南传媒,4.42%,"1,172.51","12,463.80"
	000979,景顺长城沪港深精选股票,gp,2020年1季度股票投资明细,2020-03-31,	03690,美团点评-W,4.04%,133.33,"11,408.78"
	001420,南方大数据300A,gp,2020年1季度股票投资明细,2020-03-31,	600519,贵州茅台,4.79%,1.52,"1,688.72"
	001420,南方大数据300A,gp,2020年1季度股票投资明细,2020-03-31,	600276,恒瑞医药,4.71%,18.02,"1,658.34"
	001420,南方大数据300A,gp,2020年1季度股票投资明细,2020-03-31,	600036,招商银行,4.28%,46.71,"1,507.79"
	001420,南方大数据300A,gp,2020年1季度股票投资明细,2020-03-31,	000333,美的集团,4.21%,30.63,"1,483.18"
	001420,南方大数据300A,gp,2020年1季度股票投资明细,2020-03-31,	601318,中国平安,4.02%,20.49,"1,417.60"
	001420,南方大数据300A,gp,2020年1季度股票投资明细,2020-03-31,	600900,长江电力,3.66%,74.53,"1,288.67"
	001420,南方大数据300A,gp,2020年1季度股票投资明细,2020-03-31,	300498,温氏股份,3.23%,35.21,"1,137.28"
	001420,南方大数据300A,gp,2020年1季度股票投资明细,2020-03-31,	600585,海螺水泥,2.99%,19.09,"1,051.86"
	001420,南方大数据300A,gp,2020年1季度股票投资明细,2020-03-31,	600837,海通证券,2.81%,77.22,991.50
	001420,南方大数据300A,gp,2020年1季度股票投资明细,2020-03-31,	000063,中兴通讯,2.61%,21.46,918.49
	161907,万家中证红利指数(LOF),gp,2020年1季度股票投资明细,2020-03-31,	600507,方大特钢,2.39%,10.58,85.49
	161907,万家中证红利指数(LOF),gp,2020年1季度股票投资明细,2020-03-31,	603328,依顿电子,2.20%,7.61,78.54
	161907,万家中证红利指数(LOF),gp,2020年1季度股票投资明细,2020-03-31,	002367,康力电梯,2.05%,8.99,73.36
	161907,万家中证红利指数(LOF),gp,2020年1季度股票投资明细,2020-03-31,	002110,三钢闽光,2.03%,9.09,72.41
	161907,万家中证红利指数(LOF),gp,2020年1季度股票投资明细,2020-03-31,	002601,龙蟒佰利,2.00%,4.79,71.51
	161907,万家中证红利指数(LOF),gp,2020年1季度股票投资明细,2020-03-31,	002242,九阳股份,1.72%,2.18,61.37
	161907,万家中证红利指数(LOF),gp,2020年1季度股票投资明细,2020-03-31,	601398,工商银行,1.58%,10.97,56.52
	161907,万家中证红利指数(LOF),gp,2020年1季度股票投资明细,2020-03-31,	600873,梅花生物,1.55%,12.55,55.35
	161907,万家中证红利指数(LOF),gp,2020年1季度股票投资明细,2020-03-31,	601636,旗滨集团,1.51%,11.18,54.00
	161907,万家中证红利指数(LOF),gp,2020年1季度股票投资明细,2020-03-31,	601003,柳钢股份,1.51%,10.99,53.96
	001133,广发中证全指可选消费联接A,gp,2020年1季度股票投资明细,2020-03-31,	000333,美的集团,0.11%,0.77,37.13
	001133,广发中证全指可选消费联接A,gp,2020年1季度股票投资明细,2020-03-31,	000651,格力电器,0.11%,0.70,36.54
	001133,广发中证全指可选消费联接A,gp,2020年1季度股票投资明细,2020-03-31,	600104,上汽集团,0.04%,0.72,14.76
	001133,广发中证全指可选消费联接A,gp,2020年1季度股票投资明细,2020-03-31,	601888,中国国旅,0.04%,0.21,14.18
	001133,广发中证全指可选消费联接A,gp,2020年1季度股票投资明细,2020-03-31,	600690,海尔智家,0.03%,0.76,10.95
	001133,广发中证全指可选消费联接A,gp,2020年1季度股票投资明细,2020-03-31,	002594,比亚迪,0.03%,0.16,9.60
	001133,广发中证全指可选消费联接A,gp,2020年1季度股票投资明细,2020-03-31,	002027,分众传媒,0.02%,1.74,7.69
	001133,广发中证全指可选消费联接A,gp,2020年1季度股票投资明细,2020-03-31,	600741,华域汽车,0.02%,0.32,6.89
	001133,广发中证全指可选消费联接A,gp,2020年1季度股票投资明细,2020-03-31,	002024,苏宁易购,0.02%,0.63,5.69
	001133,广发中证全指可选消费联接A,gp,2020年1季度股票投资明细,2020-03-31,	600660,福耀玻璃,0.02%,0.29,5.56
	006021,广发沪深300指数增强C,gp,2020年1季度股票投资明细,2020-03-31,	601318,中国平安,4.66%,31.82,"2,200.99"
	006021,广发沪深300指数增强C,gp,2020年1季度股票投资明细,2020-03-31,	600519,贵州茅台,3.60%,1.53,"1,699.83"
	006021,广发沪深300指数增强C,gp,2020年1季度股票投资明细,2020-03-31,	600036,招商银行,2.98%,43.64,"1,408.80"
	006021,广发沪深300指数增强C,gp,2020年1季度股票投资明细,2020-03-31,	600276,恒瑞医药,2.44%,12.50,"1,150.38"
	006021,广发沪深300指数增强C,gp,2020年1季度股票投资明细,2020-03-31,	000333,美的集团,2.34%,22.85,"1,106.40"
	006021,广发沪深300指数增强C,gp,2020年1季度股票投资明细,2020-03-31,	601166,兴业银行,2.26%,67.00,"1,065.97"
	006021,广发沪深300指数增强C,gp,2020年1季度股票投资明细,2020-03-31,	000858,五粮液,1.89%,7.76,893.95
	006021,广发沪深300指数增强C,gp,2020年1季度股票投资明细,2020-03-31,	600030,中信证券,1.81%,38.64,856.26
	006021,广发沪深300指数增强C,gp,2020年1季度股票投资明细,2020-03-31,	000002,万科A,1.75%,32.21,826.19
	006021,广发沪深300指数增强C,gp,2020年1季度股票投资明细,2020-03-31,	601288,农业银行,1.54%,215.52,726.30
	001016,华夏沪深300指数增强C,gp,2020年1季度股票投资明细,2020-03-31,	600519,贵州茅台,4.55%,3.64,"4,049.15"
	001016,华夏沪深300指数增强C,gp,2020年1季度股票投资明细,2020-03-31,	601318,中国平安,4.01%,51.67,"3,574.12"
	001016,华夏沪深300指数增强C,gp,2020年1季度股票投资明细,2020-03-31,	600036,招商银行,3.25%,89.57,"2,891.32"
	001016,华夏沪深300指数增强C,gp,2020年1季度股票投资明细,2020-03-31,	601211,国泰君安,3.06%,167.41,"2,725.50"
	001016,华夏沪深300指数增强C,gp,2020年1季度股票投资明细,2020-03-31,	601688,华泰证券,2.52%,130.35,"2,245.86"
	001016,华夏沪深300指数增强C,gp,2020年1季度股票投资明细,2020-03-31,	600837,海通证券,2.32%,161.10,"2,068.52"
	001016,华夏沪深300指数增强C,gp,2020年1季度股票投资明细,2020-03-31,	000651,格力电器,2.27%,38.68,"2,019.14"
	001016,华夏沪深300指数增强C,gp,2020年1季度股票投资明细,2020-03-31,	002475,立讯精密,1.94%,45.17,"1,723.69"
	001016,华夏沪深300指数增强C,gp,2020年1季度股票投资明细,2020-03-31,	600048,保利地产,1.80%,108.00,"1,605.91"
	001016,华夏沪深300指数增强C,gp,2020年1季度股票投资明细,2020-03-31,	000858,五粮液,1.70%,13.14,"1,513.73"
	160136,南方中证国有企业改革指数分级,gp,2020年1季度股票投资明细,2020-03-31,	600900,长江电力,3.08%,24.32,420.49
	160136,南方中证国有企业改革指数分级,gp,2020年1季度股票投资明细,2020-03-31,	600030,中信证券,3.07%,18.90,418.82
	160136,南方中证国有企业改革指数分级,gp,2020年1季度股票投资明细,2020-03-31,	600036,招商银行,2.94%,12.42,400.92
	160136,南方中证国有企业改革指数分级,gp,2020年1季度股票投资明细,2020-03-31,	601398,工商银行,2.92%,77.25,397.84
	160136,南方中证国有企业改革指数分级,gp,2020年1季度股票投资明细,2020-03-31,	601668,中国建筑,2.90%,75.17,396.15
	160136,南方中证国有企业改革指数分级,gp,2020年1季度股票投资明细,2020-03-31,	600585,海螺水泥,2.89%,7.16,394.47
	160136,南方中证国有企业改革指数分级,gp,2020年1季度股票投资明细,2020-03-31,	601166,兴业银行,2.85%,24.44,388.84
	160136,南方中证国有企业改革指数分级,gp,2020年1季度股票投资明细,2020-03-31,	000858,五粮液,2.84%,3.36,387.42
	160136,南方中证国有企业改革指数分级,gp,2020年1季度股票投资明细,2020-03-31,	600048,保利地产,2.79%,25.64,381.27
	160136,南方中证国有企业改革指数分级,gp,2020年1季度股票投资明细,2020-03-31,	000651,格力电器,2.74%,7.17,374.27
	003958,安信量化精选沪深300增强C,gp,2020年1季度股票投资明细,2020-03-31,	601318,中国平安,5.45%,10.15,702.08
	003958,安信量化精选沪深300增强C,gp,2020年1季度股票投资明细,2020-03-31,	600519,贵州茅台,4.22%,0.49,544.39
	003958,安信量化精选沪深300增强C,gp,2020年1季度股票投资明细,2020-03-31,	600036,招商银行,2.61%,10.43,336.68
	003958,安信量化精选沪深300增强C,gp,2020年1季度股票投资明细,2020-03-31,	600276,恒瑞医药,2.21%,3.09,284.78
	003958,安信量化精选沪深300增强C,gp,2020年1季度股票投资明细,2020-03-31,	000651,格力电器,1.89%,4.67,243.77
	003958,安信量化精选沪深300增强C,gp,2020年1季度股票投资明细,2020-03-31,	000333,美的集团,1.78%,4.75,229.75
	003958,安信量化精选沪深300增强C,gp,2020年1季度股票投资明细,2020-03-31,	601166,兴业银行,1.73%,14.05,223.51
	003958,安信量化精选沪深300增强C,gp,2020年1季度股票投资明细,2020-03-31,	000858,五粮液,1.70%,1.90,218.88
	003958,安信量化精选沪深300增强C,gp,2020年1季度股票投资明细,2020-03-31,	600030,中信证券,1.55%,9.03,200.10
	003958,安信量化精选沪深300增强C,gp,2020年1季度股票投资明细,2020-03-31,	600887,伊利股份,1.39%,5.99,178.73
	007089,国投中证500指数量化增强C,gp,2020年1季度股票投资明细,2020-03-31,	600745,闻泰科技,1.54%,2.11,214.17
	007089,国投中证500指数量化增强C,gp,2020年1季度股票投资明细,2020-03-31,	600307,酒钢宏兴,1.44%,116.69,200.71
	007089,国投中证500指数量化增强C,gp,2020年1季度股票投资明细,2020-03-31,	600901,江苏租赁,1.42%,38.88,197.88
	007089,国投中证500指数量化增强C,gp,2020年1季度股票投资明细,2020-03-31,	600557,康缘药业,1.40%,14.52,195.15
	007089,国投中证500指数量化增强C,gp,2020年1季度股票投资明细,2020-03-31,	000519,中兵红箭,1.29%,25.68,179.25
	007089,国投中证500指数量化增强C,gp,2020年1季度股票投资明细,2020-03-31,	000807,云铝股份,1.19%,42.87,165.91
	007089,国投中证500指数量化增强C,gp,2020年1季度股票投资明细,2020-03-31,	601966,玲珑轮胎,1.18%,8.30,164.19
	007089,国投中证500指数量化增强C,gp,2020年1季度股票投资明细,2020-03-31,	000039,中集集团,1.15%,20.73,159.80
	007089,国投中证500指数量化增强C,gp,2020年1季度股票投资明细,2020-03-31,	002233,塔牌集团,1.14%,12.86,158.95
	007089,国投中证500指数量化增强C,gp,2020年1季度股票投资明细,2020-03-31,	601975,招商南油,1.12%,62.71,155.51
	005825,申万菱信智能驱动股票,gp,2020年1季度股票投资明细,2020-03-31,	002475,立讯精密,8.27%,44.21,"1,686.98"
	005825,申万菱信智能驱动股票,gp,2020年1季度股票投资明细,2020-03-31,	002555,三七互娱,6.47%,40.43,"1,320.44"
	005825,申万菱信智能驱动股票,gp,2020年1季度股票投资明细,2020-03-31,	002463,沪电股份,5.54%,47.74,"1,130.48"
	005825,申万菱信智能驱动股票,gp,2020年1季度股票投资明细,2020-03-31,	002142,宁波银行,5.20%,46.02,"1,061.22"
	005825,申万菱信智能驱动股票,gp,2020年1季度股票投资明细,2020-03-31,	600519,贵州茅台,5.17%,0.95,"1,055.45"
	005825,申万菱信智能驱动股票,gp,2020年1季度股票投资明细,2020-03-31,	603444,吉比特,4.67%,2.32,952.10
	005825,申万菱信智能驱动股票,gp,2020年1季度股票投资明细,2020-03-31,	300003,乐普医疗,4.53%,25.53,924.70
	005825,申万菱信智能驱动股票,gp,2020年1季度股票投资明细,2020-03-31,	000858,五粮液,4.32%,7.65,881.28
	005825,申万菱信智能驱动股票,gp,2020年1季度股票投资明细,2020-03-31,	300413,芒果超媒,4.12%,19.25,839.30
	005825,申万菱信智能驱动股票,gp,2020年1季度股票投资明细,2020-03-31,	600031,三一重工,4.03%,47.46,821.06
	003986,申万菱信中证500指数优选增强A,gp,2020年1季度股票投资明细,2020-03-31,	600521,华海药业,1.56%,77.00,"1,978.90"
	003986,申万菱信中证500指数优选增强A,gp,2020年1季度股票投资明细,2020-03-31,	000002,万科A,1.52%,75.00,"1,923.81"
	003986,申万菱信中证500指数优选增强A,gp,2020年1季度股票投资明细,2020-03-31,	603882,金域医学,1.51%,34.01,"1,914.16"
	003986,申万菱信中证500指数优选增强A,gp,2020年1季度股票投资明细,2020-03-31,	600036,招商银行,1.48%,58.01,"1,872.44"
	003986,申万菱信中证500指数优选增强A,gp,2020年1季度股票投资明细,2020-03-31,	600048,保利地产,1.47%,125.00,"1,858.75"
	003986,申万菱信中证500指数优选增强A,gp,2020年1季度股票投资明细,2020-03-31,	601128,常熟银行,1.46%,270.00,"1,846.83"
	003986,申万菱信中证500指数优选增强A,gp,2020年1季度股票投资明细,2020-03-31,	001979,招商蛇口,1.43%,110.02,"1,813.18"
	003986,申万菱信中证500指数优选增强A,gp,2020年1季度股票投资明细,2020-03-31,	000001,平安银行,1.41%,140.00,"1,792.00"
	003986,申万菱信中证500指数优选增强A,gp,2020年1季度股票投资明细,2020-03-31,	600026,中远海能,1.30%,220.00,"1,650.00"
	003986,申万菱信中证500指数优选增强A,gp,2020年1季度股票投资明细,2020-03-31,	603233,大参林,1.29%,26.00,"1,638.00"
	003366,浙商汇金中证转型成长指数,gp,2020年1季度股票投资明细,2020-03-31,	603977,国泰集团,1.46%,4.74,45.27
	003366,浙商汇金中证转型成长指数,gp,2020年1季度股票投资明细,2020-03-31,	002846,英联股份,1.34%,1.56,41.64
	003366,浙商汇金中证转型成长指数,gp,2020年1季度股票投资明细,2020-03-31,	000023,深天地A,1.26%,2.71,38.92
	003366,浙商汇金中证转型成长指数,gp,2020年1季度股票投资明细,2020-03-31,	300313,天山生物,1.24%,7.31,38.52
	003366,浙商汇金中证转型成长指数,gp,2020年1季度股票投资明细,2020-03-31,	002882,金龙羽,1.19%,3.56,36.95
	003366,浙商汇金中证转型成长指数,gp,2020年1季度股票投资明细,2020-03-31,	000720,新能泰山,1.19%,6.98,36.85
	003366,浙商汇金中证转型成长指数,gp,2020年1季度股票投资明细,2020-03-31,	002457,青龙管业,1.19%,4.55,36.81
	003366,浙商汇金中证转型成长指数,gp,2020年1季度股票投资明细,2020-03-31,	300140,中环装备,1.19%,3.25,36.79
	003366,浙商汇金中证转型成长指数,gp,2020年1季度股票投资明细,2020-03-31,	603878,武进不锈,1.18%,3.24,36.58
	003366,浙商汇金中证转型成长指数,gp,2020年1季度股票投资明细,2020-03-31,	600693,东百集团,1.18%,7.29,36.52
	005966,安信中证500指数增强C,gp,2020年1季度股票投资明细,2020-03-31,	600763,通策医疗,1.50%,0.48,51.73
	005966,安信中证500指数增强C,gp,2020年1季度股票投资明细,2020-03-31,	603444,吉比特,1.42%,0.12,49.25
	005966,安信中证500指数增强C,gp,2020年1季度股票投资明细,2020-03-31,	300529,健帆生物,1.42%,0.52,49.23
	005966,安信中证500指数增强C,gp,2020年1季度股票投资明细,2020-03-31,	300418,昆仑万维,1.28%,2.49,44.32
	005966,安信中证500指数增强C,gp,2020年1季度股票投资明细,2020-03-31,	300014,亿纬锂能,1.24%,0.74,43.00
	005966,安信中证500指数增强C,gp,2020年1季度股票投资明细,2020-03-31,	601966,玲珑轮胎,1.24%,2.16,42.70
	005966,安信中证500指数增强C,gp,2020年1季度股票投资明细,2020-03-31,	300058,蓝色光标,1.24%,7.53,42.70
	005966,安信中证500指数增强C,gp,2020年1季度股票投资明细,2020-03-31,	002690,美亚光电,1.23%,1.13,42.62
	005966,安信中证500指数增强C,gp,2020年1季度股票投资明细,2020-03-31,	002463,沪电股份,1.22%,1.78,42.15
	005966,安信中证500指数增强C,gp,2020年1季度股票投资明细,2020-03-31,	600779,水井坊,1.21%,0.97,41.76
	007794,申万菱信中证500指数优选增强C,gp,2020年1季度股票投资明细,2020-03-31,	600521,华海药业,1.56%,77.00,"1,978.90"
	007794,申万菱信中证500指数优选增强C,gp,2020年1季度股票投资明细,2020-03-31,	000002,万科A,1.52%,75.00,"1,923.81"
	007794,申万菱信中证500指数优选增强C,gp,2020年1季度股票投资明细,2020-03-31,	603882,金域医学,1.51%,34.01,"1,914.16"
	007794,申万菱信中证500指数优选增强C,gp,2020年1季度股票投资明细,2020-03-31,	600036,招商银行,1.48%,58.01,"1,872.44"
	007794,申万菱信中证500指数优选增强C,gp,2020年1季度股票投资明细,2020-03-31,	600048,保利地产,1.47%,125.00,"1,858.75"
	007794,申万菱信中证500指数优选增强C,gp,2020年1季度股票投资明细,2020-03-31,	601128,常熟银行,1.46%,270.00,"1,846.83"
	007794,申万菱信中证500指数优选增强C,gp,2020年1季度股票投资明细,2020-03-31,	001979,招商蛇口,1.43%,110.02,"1,813.18"
	007794,申万菱信中证500指数优选增强C,gp,2020年1季度股票投资明细,2020-03-31,	000001,平安银行,1.41%,140.00,"1,792.00"
	007794,申万菱信中证500指数优选增强C,gp,2020年1季度股票投资明细,2020-03-31,	600026,中远海能,1.30%,220.00,"1,650.00"
	007794,申万菱信中证500指数优选增强C,gp,2020年1季度股票投资明细,2020-03-31,	603233,大参林,1.29%,26.00,"1,638.00"
	005965,安信中证500指数增强A,gp,2020年1季度股票投资明细,2020-03-31,	600763,通策医疗,1.50%,0.48,51.73
	005965,安信中证500指数增强A,gp,2020年1季度股票投资明细,2020-03-31,	603444,吉比特,1.42%,0.12,49.25
	005965,安信中证500指数增强A,gp,2020年1季度股票投资明细,2020-03-31,	300529,健帆生物,1.42%,0.52,49.23
	005965,安信中证500指数增强A,gp,2020年1季度股票投资明细,2020-03-31,	300418,昆仑万维,1.28%,2.49,44.32
	005965,安信中证500指数增强A,gp,2020年1季度股票投资明细,2020-03-31,	300014,亿纬锂能,1.24%,0.74,43.00
	005965,安信中证500指数增强A,gp,2020年1季度股票投资明细,2020-03-31,	601966,玲珑轮胎,1.24%,2.16,42.70
	005965,安信中证500指数增强A,gp,2020年1季度股票投资明细,2020-03-31,	300058,蓝色光标,1.24%,7.53,42.70
	005965,安信中证500指数增强A,gp,2020年1季度股票投资明细,2020-03-31,	002690,美亚光电,1.23%,1.13,42.62
	005965,安信中证500指数增强A,gp,2020年1季度股票投资明细,2020-03-31,	002463,沪电股份,1.22%,1.78,42.15
	005965,安信中证500指数增强A,gp,2020年1季度股票投资明细,2020-03-31,	600779,水井坊,1.21%,0.97,41.76
	002510,申万菱信中证500指数增强A,gp,2020年1季度股票投资明细,2020-03-31,	300418,昆仑万维,2.26%,72.07,"1,282.85"
	002510,申万菱信中证500指数增强A,gp,2020年1季度股票投资明细,2020-03-31,	002174,游族网络,2.20%,66.43,"1,248.23"
	002510,申万菱信中证500指数增强A,gp,2020年1季度股票投资明细,2020-03-31,	603517,绝味食品,1.97%,21.66,"1,121.04"
	002510,申万菱信中证500指数增强A,gp,2020年1季度股票投资明细,2020-03-31,	002028,思源电气,1.82%,57.41,"1,033.95"
	002510,申万菱信中证500指数增强A,gp,2020年1季度股票投资明细,2020-03-31,	002233,塔牌集团,1.81%,83.02,"1,026.13"
	002510,申万菱信中证500指数增强A,gp,2020年1季度股票投资明细,2020-03-31,	300496,中科创达,1.06%,11.45,601.13
	002510,申万菱信中证500指数增强A,gp,2020年1季度股票投资明细,2020-03-31,	002080,中材科技,0.98%,48.84,554.82
	002510,申万菱信中证500指数增强A,gp,2020年1季度股票投资明细,2020-03-31,	002511,中顺洁柔,0.62%,20.63,349.68
	002510,申万菱信中证500指数增强A,gp,2020年1季度股票投资明细,2020-03-31,	002850,科达利,0.53%,7.22,301.73
	002510,申万菱信中证500指数增强A,gp,2020年1季度股票投资明细,2020-03-31,	002107,沃华医药,0.52%,27.46,294.37
	217027,招商央视财经50指数A,gp,2020年1季度股票投资明细,2020-03-31,	600276,恒瑞医药,6.56%,38.66,"3,557.52"
	217027,招商央视财经50指数A,gp,2020年1季度股票投资明细,2020-03-31,	600519,贵州茅台,6.03%,2.94,"3,270.01"
	217027,招商央视财经50指数A,gp,2020年1季度股票投资明细,2020-03-31,	600887,伊利股份,5.77%,104.73,"3,127.37"
	217027,招商央视财经50指数A,gp,2020年1季度股票投资明细,2020-03-31,	601166,兴业银行,5.25%,179.12,"2,849.80"
	217027,招商央视财经50指数A,gp,2020年1季度股票投资明细,2020-03-31,	601318,中国平安,5.04%,39.54,"2,735.11"
	217027,招商央视财经50指数A,gp,2020年1季度股票投资明细,2020-03-31,	600036,招商银行,4.37%,73.36,"2,368.06"
	217027,招商央视财经50指数A,gp,2020年1季度股票投资明细,2020-03-31,	600016,民生银行,4.36%,414.64,"2,367.61"
	217027,招商央视财经50指数A,gp,2020年1季度股票投资明细,2020-03-31,	601398,工商银行,4.33%,455.75,"2,347.13"
	217027,招商央视财经50指数A,gp,2020年1季度股票投资明细,2020-03-31,	002415,海康威视,3.72%,72.27,"2,016.44"
	217027,招商央视财经50指数A,gp,2020年1季度股票投资明细,2020-03-31,	000002,万科A,3.52%,74.49,"1,910.70"
	006939,鹏华沪深300指数(LOF)C,gp,2020年1季度股票投资明细,2020-03-31,	601318,中国平安,5.91%,33.90,"2,344.76"
	006939,鹏华沪深300指数(LOF)C,gp,2020年1季度股票投资明细,2020-03-31,	600519,贵州茅台,4.35%,1.55,"1,727.27"
	006939,鹏华沪深300指数(LOF)C,gp,2020年1季度股票投资明细,2020-03-31,	600036,招商银行,2.62%,32.20,"1,039.27"
	006939,鹏华沪深300指数(LOF)C,gp,2020年1季度股票投资明细,2020-03-31,	600276,恒瑞医药,2.24%,9.67,889.49
	006939,鹏华沪深300指数(LOF)C,gp,2020年1季度股票投资明细,2020-03-31,	000651,格力电器,1.97%,15.01,783.55
	006939,鹏华沪深300指数(LOF)C,gp,2020年1季度股票投资明细,2020-03-31,	000333,美的集团,1.85%,15.16,734.22
	006939,鹏华沪深300指数(LOF)C,gp,2020年1季度股票投资明细,2020-03-31,	601166,兴业银行,1.82%,45.43,722.71
	006939,鹏华沪深300指数(LOF)C,gp,2020年1季度股票投资明细,2020-03-31,	000858,五粮液,1.76%,6.07,699.03
	006939,鹏华沪深300指数(LOF)C,gp,2020年1季度股票投资明细,2020-03-31,	600887,伊利股份,1.43%,19.07,569.39
	006939,鹏华沪深300指数(LOF)C,gp,2020年1季度股票投资明细,2020-03-31,	600030,中信证券,1.41%,25.26,559.76
	161017,富国中证500指数(LOF),gp,2020年1季度股票投资明细,2020-03-31,	603517,绝味食品,1.50%,175.91,"9,103.18"
	161017,富国中证500指数(LOF),gp,2020年1季度股票投资明细,2020-03-31,	600745,闻泰科技,1.49%,89.40,"9,073.84"
	161017,富国中证500指数(LOF),gp,2020年1季度股票投资明细,2020-03-31,	300529,健帆生物,1.41%,90.39,"8,556.88"
	161017,富国中证500指数(LOF),gp,2020年1季度股票投资明细,2020-03-31,	300014,亿纬锂能,1.38%,144.66,"8,406.30"
	161017,富国中证500指数(LOF),gp,2020年1季度股票投资明细,2020-03-31,	002463,沪电股份,1.31%,335.65,"7,948.19"
	161017,富国中证500指数(LOF),gp,2020年1季度股票投资明细,2020-03-31,	603233,大参林,1.20%,116.30,"7,327.08"
	161017,富国中证500指数(LOF),gp,2020年1季度股票投资明细,2020-03-31,	000547,航天发展,1.20%,542.72,"7,299.58"
	161017,富国中证500指数(LOF),gp,2020年1季度股票投资明细,2020-03-31,	002028,思源电气,1.15%,389.28,"7,010.87"
	161017,富国中证500指数(LOF),gp,2020年1季度股票投资明细,2020-03-31,	000877,天山股份,1.12%,600.21,"6,842.39"
	161017,富国中证500指数(LOF),gp,2020年1季度股票投资明细,2020-03-31,	601233,桐昆股份,1.12%,579.39,"6,796.29"
	001629,天弘中证计算机ETF联接A,gp,2020年1季度股票投资明细,2020-03-31,	002415,海康威视,8.02%,470.07,"13,115.00"
	001629,天弘中证计算机ETF联接A,gp,2020年1季度股票投资明细,2020-03-31,	600570,恒生电子,5.01%,93.10,"8,183.47"
	001629,天弘中证计算机ETF联接A,gp,2020年1季度股票投资明细,2020-03-31,	002230,科大讯飞,4.70%,222.99,"7,684.34"
	001629,天弘中证计算机ETF联接A,gp,2020年1季度股票投资明细,2020-03-31,	600588,用友网络,4.49%,181.36,"7,337.70"
	001629,天弘中证计算机ETF联接A,gp,2020年1季度股票投资明细,2020-03-31,	000977,浪潮信息,3.47%,146.44,"5,678.92"
	001629,天弘中证计算机ETF联接A,gp,2020年1季度股票投资明细,2020-03-31,	002410,广联达,2.56%,98.02,"4,182.32"
	001629,天弘中证计算机ETF联接A,gp,2020年1季度股票投资明细,2020-03-31,	000938,紫光股份,2.56%,118.38,"4,181.22"
	001629,天弘中证计算机ETF联接A,gp,2020年1季度股票投资明细,2020-03-31,	603019,中科曙光,2.44%,91.30,"3,987.21"
	001629,天弘中证计算机ETF联接A,gp,2020年1季度股票投资明细,2020-03-31,	002065,东华软件,2.14%,270.79,"3,498.64"
	001629,天弘中证计算机ETF联接A,gp,2020年1季度股票投资明细,2020-03-31,	300033,同花顺,2.07%,31.16,"3,384.19"
	001070,建信信息产业股票,gp,2020年1季度股票投资明细,2020-03-31,	002301,齐心集团,5.38%,163.85,"2,244.75"
	001070,建信信息产业股票,gp,2020年1季度股票投资明细,2020-03-31,	000661,长春高新,4.39%,3.34,"1,830.32"
	001070,建信信息产业股票,gp,2020年1季度股票投资明细,2020-03-31,	300767,震安科技,4.09%,23.99,"1,708.09"
	001070,建信信息产业股票,gp,2020年1季度股票投资明细,2020-03-31,	300628,亿联网络,3.91%,19.98,"1,629.80"
	001070,建信信息产业股票,gp,2020年1季度股票投资明细,2020-03-31,	300438,鹏辉能源,3.79%,71.76,"1,581.50"
	001070,建信信息产业股票,gp,2020年1季度股票投资明细,2020-03-31,	002475,立讯精密,3.47%,37.98,"1,449.16"
	001070,建信信息产业股票,gp,2020年1季度股票投资明细,2020-03-31,	600276,恒瑞医药,3.30%,14.94,"1,375.11"
	001070,建信信息产业股票,gp,2020年1季度股票投资明细,2020-03-31,	002127,南极电商,3.22%,115.87,"1,344.07"
	001070,建信信息产业股票,gp,2020年1季度股票投资明细,2020-03-31,	002035,华帝股份,3.16%,118.80,"1,319.87"
	001070,建信信息产业股票,gp,2020年1季度股票投资明细,2020-03-31,	603489,八方股份,2.80%,18.00,"1,170.36"
	007541,新华MSCI中国A股国际ETF联接,gp,2019年4季度股票投资明细,2019-12-31,	600519,贵州茅台,0.08%,0.01,11.83
	007541,新华MSCI中国A股国际ETF联接,gp,2019年4季度股票投资明细,2019-12-31,	601318,中国平安,0.02%,0.03,2.56
	007541,新华MSCI中国A股国际ETF联接,gp,2019年4季度股票投资明细,2019-12-31,	600036,招商银行,0.01%,0.05,1.88
	007541,新华MSCI中国A股国际ETF联接,gp,2019年4季度股票投资明细,2019-12-31,	600276,恒瑞医药,0.01%,0.02,1.75
	007541,新华MSCI中国A股国际ETF联接,gp,2019年4季度股票投资明细,2019-12-31,	603501,韦尔股份,0.01%,0.01,1.43
	007541,新华MSCI中国A股国际ETF联接,gp,2019年4季度股票投资明细,2019-12-31,	600900,长江电力,0.01%,0.06,1.10
	007541,新华MSCI中国A股国际ETF联接,gp,2019年4季度股票投资明细,2019-12-31,	600436,片仔癀,0.01%,0.01,1.10
	007541,新华MSCI中国A股国际ETF联接,gp,2019年4季度股票投资明细,2019-12-31,	603288,海天味业,0.01%,0.01,1.08
	007541,新华MSCI中国A股国际ETF联接,gp,2019年4季度股票投资明细,2019-12-31,	601166,兴业银行,0.01%,0.05,0.99
	007541,新华MSCI中国A股国际ETF联接,gp,2019年4季度股票投资明细,2019-12-31,	600745,闻泰科技,0.01%,0.01,0.93
	002983,长信国防军工量化混合A,hh,2020年1季度股票投资明细,2020-03-31,	002025,航天电器,5.59%,87.98,"2,138.81"
	002983,长信国防军工量化混合A,hh,2020年1季度股票投资明细,2020-03-31,	600038,中直股份,5.48%,50.41,"2,096.49"
	002983,长信国防军工量化混合A,hh,2020年1季度股票投资明细,2020-03-31,	002013,中航机电,5.19%,275.78,"1,988.36"
	002983,长信国防军工量化混合A,hh,2020年1季度股票投资明细,2020-03-31,	000547,航天发展,5.16%,146.73,"1,973.46"
	002983,长信国防军工量化混合A,hh,2020年1季度股票投资明细,2020-03-31,	600372,中航电子,5.11%,151.37,"1,955.76"
	002983,长信国防军工量化混合A,hh,2020年1季度股票投资明细,2020-03-31,	002664,长鹰信质,5.08%,143.92,"1,944.36"
	002983,长信国防军工量化混合A,hh,2020年1季度股票投资明细,2020-03-31,	300065,海兰信,4.97%,187.67,"1,902.96"
	002983,长信国防军工量化混合A,hh,2020年1季度股票投资明细,2020-03-31,	600990,四创电子,4.96%,51.23,"1,897.56"
	002983,长信国防军工量化混合A,hh,2020年1季度股票投资明细,2020-03-31,	300114,中航电测,4.91%,186.02,"1,880.61"
	002983,长信国防军工量化混合A,hh,2020年1季度股票投资明细,2020-03-31,	300034,钢研高纳,4.86%,130.00,"1,860.31"
	005515,银华中小市值量化优选A,gp,2020年1季度股票投资明细,2020-03-31,	300043,星辉娱乐,1.21%,3.09,12.02
	005515,银华中小市值量化优选A,gp,2020年1季度股票投资明细,2020-03-31,	603315,福鞍股份,1.01%,0.94,9.97
	005515,银华中小市值量化优选A,gp,2020年1季度股票投资明细,2020-03-31,	603318,派思股份,0.98%,1.41,9.71
	005515,银华中小市值量化优选A,gp,2020年1季度股票投资明细,2020-03-31,	002699,美盛文化,0.91%,1.87,8.98
	005515,银华中小市值量化优选A,gp,2020年1季度股票投资明细,2020-03-31,	300724,捷佳伟创,0.84%,0.18,8.34
	005515,银华中小市值量化优选A,gp,2020年1季度股票投资明细,2020-03-31,	300590,移为通信,0.83%,0.21,8.18
	005515,银华中小市值量化优选A,gp,2020年1季度股票投资明细,2020-03-31,	300341,麦克奥迪,0.81%,0.97,8.03
	005515,银华中小市值量化优选A,gp,2020年1季度股票投资明细,2020-03-31,	300291,华录百纳,0.77%,1.58,7.62
	005515,银华中小市值量化优选A,gp,2020年1季度股票投资明细,2020-03-31,	601058,赛轮轮胎,0.74%,1.95,7.34
	005515,银华中小市值量化优选A,gp,2020年1季度股票投资明细,2020-03-31,	603661,恒林股份,0.73%,0.21,7.27
	001162,前海开源优势蓝筹股票A,gp,2020年1季度股票投资明细,2020-03-31,	002415,海康威视,5.31%,15.31,427.15
	001162,前海开源优势蓝筹股票A,gp,2020年1季度股票投资明细,2020-03-31,	600050,中国联通,5.26%,81.02,422.92
	001162,前海开源优势蓝筹股票A,gp,2020年1季度股票投资明细,2020-03-31,	600276,恒瑞医药,5.06%,4.42,406.77
	001162,前海开源优势蓝筹股票A,gp,2020年1季度股票投资明细,2020-03-31,	600519,贵州茅台,4.52%,0.33,363.30
	001162,前海开源优势蓝筹股票A,gp,2020年1季度股票投资明细,2020-03-31,	000063,中兴通讯,4.24%,7.97,341.12
	001162,前海开源优势蓝筹股票A,gp,2020年1季度股票投资明细,2020-03-31,	601398,工商银行,4.23%,66.11,340.47
	001162,前海开源优势蓝筹股票A,gp,2020年1季度股票投资明细,2020-03-31,	000538,云南白药,4.22%,3.96,338.94
	001162,前海开源优势蓝筹股票A,gp,2020年1季度股票投资明细,2020-03-31,	601318,中国平安,4.19%,4.87,336.86
	001162,前海开源优势蓝筹股票A,gp,2020年1季度股票投资明细,2020-03-31,	600030,中信证券,4.18%,15.18,336.49
	001162,前海开源优势蓝筹股票A,gp,2020年1季度股票投资明细,2020-03-31,	000001,平安银行,4.14%,26.02,333.06
	005516,银华中小市值量化优选C,gp,2020年1季度股票投资明细,2020-03-31,	300043,星辉娱乐,1.21%,3.09,12.02
	005516,银华中小市值量化优选C,gp,2020年1季度股票投资明细,2020-03-31,	603315,福鞍股份,1.01%,0.94,9.97
	005516,银华中小市值量化优选C,gp,2020年1季度股票投资明细,2020-03-31,	603318,派思股份,0.98%,1.41,9.71
	005516,银华中小市值量化优选C,gp,2020年1季度股票投资明细,2020-03-31,	002699,美盛文化,0.91%,1.87,8.98
	005516,银华中小市值量化优选C,gp,2020年1季度股票投资明细,2020-03-31,	300724,捷佳伟创,0.84%,0.18,8.34
	005516,银华中小市值量化优选C,gp,2020年1季度股票投资明细,2020-03-31,	300590,移为通信,0.83%,0.21,8.18
	005516,银华中小市值量化优选C,gp,2020年1季度股票投资明细,2020-03-31,	300341,麦克奥迪,0.81%,0.97,8.03
	005516,银华中小市值量化优选C,gp,2020年1季度股票投资明细,2020-03-31,	300291,华录百纳,0.77%,1.58,7.62
	005516,银华中小市值量化优选C,gp,2020年1季度股票投资明细,2020-03-31,	601058,赛轮轮胎,0.74%,1.95,7.34
	005516,银华中小市值量化优选C,gp,2020年1季度股票投资明细,2020-03-31,	603661,恒林股份,0.73%,0.21,7.27
	006215,平安500ETF联接C,gp,2019年2季度股票投资明细,2019-06-30,	603444,吉比特,0.01%,0.03,6.30
	006215,平安500ETF联接C,gp,2019年2季度股票投资明细,2019-06-30,	603868,飞科电器,0.00%,0.03,1.17
	006215,平安500ETF联接C,gp,2019年2季度股票投资明细,2019-06-30,	603486,科沃斯,0.00%,0.03,0.91
	006215,平安500ETF联接C,gp,2019年2季度股票投资明细,2019-06-30,	600298,安琪酵母,0.00%,0.02,0.63
	006215,平安500ETF联接C,gp,2019年2季度股票投资明细,2019-06-30,	603877,太平鸟,0.00%,0.03,0.47
	006215,平安500ETF联接C,gp,2019年2季度股票投资明细,2019-06-30,	601966,玲珑轮胎,0.00%,0.01,0.17
	006215,平安500ETF联接C,gp,2019年2季度股票投资明细,2019-06-30,	603377,东方时尚,0.00%,0.01,0.15
	006215,平安500ETF联接C,gp,2019年2季度股票投资明细,2019-06-30,	600006,东风汽车,0.00%,0.02,0.11
	006215,平安500ETF联接C,gp,2019年1季度股票投资明细,2019-03-31,	603444,吉比特,0.02%,0.02,4.13
	006215,平安500ETF联接C,gp,2019年1季度股票投资明细,2019-03-31,	600895,张江高科,0.00%,0.04,0.91
	006215,平安500ETF联接C,gp,2019年1季度股票投资明细,2019-03-31,	603868,飞科电器,0.00%,0.02,0.88
	006215,平安500ETF联接C,gp,2019年1季度股票投资明细,2019-03-31,	600611,大众交通,0.00%,0.12,0.59
	006215,平安500ETF联接C,gp,2019年1季度股票投资明细,2019-03-31,	601777,力帆股份,0.00%,0.04,0.19
	519034,海富通中证500增强A,gp,2020年1季度股票投资明细,2020-03-31,	601012,隆基股份,4.38%,4.00,99.36
	519034,海富通中证500增强A,gp,2020年1季度股票投资明细,2020-03-31,	300750,宁德时代,4.24%,0.80,96.31
	519034,海富通中证500增强A,gp,2020年1季度股票投资明细,2020-03-31,	600900,长江电力,3.81%,5.00,86.45
	519034,海富通中证500增强A,gp,2020年1季度股票投资明细,2020-03-31,	300014,亿纬锂能,2.71%,1.06,61.52
	519034,海富通中证500增强A,gp,2020年1季度股票投资明细,2020-03-31,	300529,健帆生物,2.17%,0.52,49.23
	519034,海富通中证500增强A,gp,2020年1季度股票投资明细,2020-03-31,	002439,启明星辰,2.12%,1.30,48.10
	519034,海富通中证500增强A,gp,2020年1季度股票投资明细,2020-03-31,	002242,九阳股份,1.86%,1.50,42.23
	519034,海富通中证500增强A,gp,2020年1季度股票投资明细,2020-03-31,	603444,吉比特,1.81%,0.10,41.04
	519034,海富通中证500增强A,gp,2020年1季度股票投资明细,2020-03-31,	000786,北新建材,1.80%,1.73,40.84
	519034,海富通中证500增强A,gp,2020年1季度股票投资明细,2020-03-31,	300628,亿联网络,1.80%,0.50,40.79
	002903,广发中证500ETF联接C,gp,2020年1季度股票投资明细,2020-03-31,	600739,辽宁成大,0.01%,1.80,32.67
	002903,广发中证500ETF联接C,gp,2020年1季度股票投资明细,2020-03-31,	600745,闻泰科技,0.01%,0.30,30.45
	002903,广发中证500ETF联接C,gp,2020年1季度股票投资明细,2020-03-31,	600167,联美控股,0.01%,1.75,24.43
	002903,广发中证500ETF联接C,gp,2020年1季度股票投资明细,2020-03-31,	600201,生物股份,0.00%,0.96,20.47
	002903,广发中证500ETF联接C,gp,2020年1季度股票投资明细,2020-03-31,	601099,太平洋,0.00%,5.76,19.12
	002903,广发中证500ETF联接C,gp,2020年1季度股票投资明细,2020-03-31,	600584,长电科技,0.00%,0.96,18.88
	002903,广发中证500ETF联接C,gp,2020年1季度股票投资明细,2020-03-31,	600161,天坛生物,0.00%,0.48,17.46
	002903,广发中证500ETF联接C,gp,2020年1季度股票投资明细,2020-03-31,	600536,中国软件,0.00%,0.24,17.32
	002903,广发中证500ETF联接C,gp,2020年1季度股票投资明细,2020-03-31,	601128,常熟银行,0.00%,2.28,15.60
	002903,广发中证500ETF联接C,gp,2020年1季度股票投资明细,2020-03-31,	600521,华海药业,0.00%,0.60,15.42
	070039,嘉实中证500ETF联接C,gp,2020年1季度股票投资明细,2020-03-31,	600745,闻泰科技,0.01%,0.24,24.36
	070039,嘉实中证500ETF联接C,gp,2020年1季度股票投资明细,2020-03-31,	300253,卫宁健康,0.01%,1.02,21.41
	070039,嘉实中证500ETF联接C,gp,2020年1季度股票投资明细,2020-03-31,	002463,沪电股份,0.01%,0.90,21.31
	070039,嘉实中证500ETF联接C,gp,2020年1季度股票投资明细,2020-03-31,	300014,亿纬锂能,0.01%,0.36,20.92
	070039,嘉实中证500ETF联接C,gp,2020年1季度股票投资明细,2020-03-31,	002821,凯莱英,0.01%,0.12,20.60
	070039,嘉实中证500ETF联接C,gp,2020年1季度股票投资明细,2020-03-31,	002384,东山精密,0.01%,0.90,18.55
	070039,嘉实中证500ETF联接C,gp,2020年1季度股票投资明细,2020-03-31,	002129,中环股份,0.01%,1.29,18.43
	070039,嘉实中证500ETF联接C,gp,2020年1季度股票投资明细,2020-03-31,	002065,东华软件,0.01%,1.41,18.22
	070039,嘉实中证500ETF联接C,gp,2020年1季度股票投资明细,2020-03-31,	600201,生物股份,0.01%,0.85,18.12
	070039,嘉实中证500ETF联接C,gp,2020年1季度股票投资明细,2020-03-31,	002439,启明星辰,0.01%,0.48,17.76
	004348,南方中证500ETF联接C,gp,2020年1季度股票投资明细,2020-03-31,	600745,闻泰科技,0.07%,7.12,722.29
	004348,南方中证500ETF联接C,gp,2020年1季度股票投资明细,2020-03-31,	600845,宝信软件,0.01%,3.07,122.04
	004348,南方中证500ETF联接C,gp,2020年1季度股票投资明细,2020-03-31,	002463,沪电股份,0.01%,4.53,107.27
	004348,南方中证500ETF联接C,gp,2020年1季度股票投资明细,2020-03-31,	002065,东华软件,0.01%,8.05,104.01
	004348,南方中证500ETF联接C,gp,2020年1季度股票投资明细,2020-03-31,	300253,卫宁健康,0.01%,4.88,102.27
	004348,南方中证500ETF联接C,gp,2020年1季度股票投资明细,2020-03-31,	300014,亿纬锂能,0.01%,1.75,101.69
	004348,南方中证500ETF联接C,gp,2020年1季度股票投资明细,2020-03-31,	600536,中国软件,0.01%,1.33,96.11
	004348,南方中证500ETF联接C,gp,2020年1季度股票投资明细,2020-03-31,	300383,光环新网,0.01%,3.98,95.34
	004348,南方中证500ETF联接C,gp,2020年1季度股票投资明细,2020-03-31,	002384,东山精密,0.01%,4.18,86.05
	004348,南方中证500ETF联接C,gp,2020年1季度股票投资明细,2020-03-31,	600201,生物股份,0.01%,4.02,85.72
	006034,富国MSCI中国A股国际通,gp,2020年1季度股票投资明细,2020-03-31,	600519,贵州茅台,3.77%,0.30,333.30
	006034,富国MSCI中国A股国际通,gp,2020年1季度股票投资明细,2020-03-31,	600276,恒瑞医药,2.92%,2.81,258.42
	006034,富国MSCI中国A股国际通,gp,2020年1季度股票投资明细,2020-03-31,	600036,招商银行,2.42%,6.65,214.66
	006034,富国MSCI中国A股国际通,gp,2020年1季度股票投资明细,2020-03-31,	000661,长春高新,1.98%,0.32,175.36
	006034,富国MSCI中国A股国际通,gp,2020年1季度股票投资明细,2020-03-31,	601318,中国平安,1.86%,2.38,164.62
	006034,富国MSCI中国A股国际通,gp,2020年1季度股票投资明细,2020-03-31,	601166,兴业银行,1.74%,9.69,154.17
	006034,富国MSCI中国A股国际通,gp,2020年1季度股票投资明细,2020-03-31,	603288,海天味业,1.70%,1.20,150.20
	006034,富国MSCI中国A股国际通,gp,2020年1季度股票投资明细,2020-03-31,	601607,上海医药,1.67%,7.58,147.89
	006034,富国MSCI中国A股国际通,gp,2020年1季度股票投资明细,2020-03-31,	601398,工商银行,1.62%,27.92,143.79
	006034,富国MSCI中国A股国际通,gp,2020年1季度股票投资明细,2020-03-31,	601211,国泰君安,1.57%,8.55,139.19
	005830,建信MSCI联接C,gp,2020年1季度股票投资明细,2020-03-31,	600519,贵州茅台,0.12%,0.01,11.11
	005830,建信MSCI联接C,gp,2020年1季度股票投资明细,2020-03-31,	601318,中国平安,0.06%,0.08,5.53
	005830,建信MSCI联接C,gp,2020年1季度股票投资明细,2020-03-31,	600036,招商银行,0.05%,0.16,5.16
	005830,建信MSCI联接C,gp,2020年1季度股票投资明细,2020-03-31,	600900,长江电力,0.03%,0.17,2.94
	005830,建信MSCI联接C,gp,2020年1季度股票投资明细,2020-03-31,	600276,恒瑞医药,0.03%,0.03,2.76
	005830,建信MSCI联接C,gp,2020年1季度股票投资明细,2020-03-31,	601166,兴业银行,0.03%,0.16,2.55
	005830,建信MSCI联接C,gp,2020年1季度股票投资明细,2020-03-31,	603288,海天味业,0.03%,0.02,2.50
	005830,建信MSCI联接C,gp,2020年1季度股票投资明细,2020-03-31,	600000,浦发银行,0.02%,0.22,2.23
	005830,建信MSCI联接C,gp,2020年1季度股票投资明细,2020-03-31,	601398,工商银行,0.02%,0.41,2.11
	005830,建信MSCI联接C,gp,2020年1季度股票投资明细,2020-03-31,	601288,农业银行,0.02%,0.57,1.92
	001733,泰达宏利量化股票,gp,2020年1季度股票投资明细,2020-03-31,	601318,中国平安,4.64%,6.82,471.74
	001733,泰达宏利量化股票,gp,2020年1季度股票投资明细,2020-03-31,	600276,恒瑞医药,3.22%,3.55,326.71
	001733,泰达宏利量化股票,gp,2020年1季度股票投资明细,2020-03-31,	600519,贵州茅台,3.14%,0.29,319.30
	001733,泰达宏利量化股票,gp,2020年1季度股票投资明细,2020-03-31,	600887,伊利股份,2.42%,8.23,245.75
	001733,泰达宏利量化股票,gp,2020年1季度股票投资明细,2020-03-31,	000651,格力电器,2.37%,4.62,241.16
	001733,泰达宏利量化股票,gp,2020年1季度股票投资明细,2020-03-31,	000858,五粮液,2.09%,1.85,212.62
	001733,泰达宏利量化股票,gp,2020年1季度股票投资明细,2020-03-31,	601166,兴业银行,2.02%,12.89,205.02
	001733,泰达宏利量化股票,gp,2020年1季度股票投资明细,2020-03-31,	002714,牧原股份,1.80%,1.50,183.32
	001733,泰达宏利量化股票,gp,2020年1季度股票投资明细,2020-03-31,	002415,海康威视,1.75%,6.38,178.00
	001733,泰达宏利量化股票,gp,2020年1季度股票投资明细,2020-03-31,	000661,长春高新,1.73%,0.32,175.36
	006726,农银汇理多因子股票,gp,2020年1季度股票投资明细,2020-03-31,	601318,中国平安,4.63%,1.56,107.95
	006726,农银汇理多因子股票,gp,2020年1季度股票投资明细,2020-03-31,	600519,贵州茅台,4.33%,0.09,101.10
	006726,农银汇理多因子股票,gp,2020年1季度股票投资明细,2020-03-31,	600036,招商银行,4.25%,3.07,99.14
	006726,农银汇理多因子股票,gp,2020年1季度股票投资明细,2020-03-31,	600276,恒瑞医药,3.53%,0.89,82.27
	006726,农银汇理多因子股票,gp,2020年1季度股票投资明细,2020-03-31,	000333,美的集团,3.35%,1.61,78.09
	006726,农银汇理多因子股票,gp,2020年1季度股票投资明细,2020-03-31,	601166,兴业银行,2.60%,3.81,60.62
	006726,农银汇理多因子股票,gp,2020年1季度股票投资明细,2020-03-31,	002475,立讯精密,2.11%,1.29,49.26
	006726,农银汇理多因子股票,gp,2020年1季度股票投资明细,2020-03-31,	600030,中信证券,1.91%,2.01,44.54
	006726,农银汇理多因子股票,gp,2020年1季度股票投资明细,2020-03-31,	000661,长春高新,1.88%,0.08,43.84
	006726,农银汇理多因子股票,gp,2020年1季度股票投资明细,2020-03-31,	601628,中国人寿,1.84%,1.63,42.93
	450008,国富沪深300指数增强,gp,2020年1季度股票投资明细,2020-03-31,	601318,中国平安,4.01%,13.99,967.88
	450008,国富沪深300指数增强,gp,2020年1季度股票投资明细,2020-03-31,	600519,贵州茅台,3.97%,0.86,958.90
	450008,国富沪深300指数增强,gp,2020年1季度股票投资明细,2020-03-31,	600276,恒瑞医药,3.35%,8.77,807.48
	450008,国富沪深300指数增强,gp,2020年1季度股票投资明细,2020-03-31,	601166,兴业银行,2.22%,33.65,535.37
	450008,国富沪深300指数增强,gp,2020年1季度股票投资明细,2020-03-31,	000661,长春高新,2.18%,0.96,526.08
	450008,国富沪深300指数增强,gp,2020年1季度股票投资明细,2020-03-31,	600016,民生银行,2.05%,86.61,494.56
	450008,国富沪深300指数增强,gp,2020年1季度股票投资明细,2020-03-31,	000333,美的集团,2.02%,10.07,487.46
	450008,国富沪深300指数增强,gp,2020年1季度股票投资明细,2020-03-31,	002475,立讯精密,1.99%,12.59,480.43
	450008,国富沪深300指数增强,gp,2020年1季度股票投资明细,2020-03-31,	601012,隆基股份,1.85%,17.98,446.67
	450008,国富沪深300指数增强,gp,2020年1季度股票投资明细,2020-03-31,	600036,招商银行,1.82%,13.60,439.10
	005762,招商MSCI中国A股国际通C,gp,2020年1季度股票投资明细,2020-03-31,	600519,贵州茅台,4.84%,5.96,"6,617.56"
	005762,招商MSCI中国A股国际通C,gp,2020年1季度股票投资明细,2020-03-31,	601318,中国平安,2.60%,51.37,"3,553.26"
	005762,招商MSCI中国A股国际通C,gp,2020年1季度股票投资明细,2020-03-31,	600036,招商银行,2.31%,97.78,"3,156.47"
	005762,招商MSCI中国A股国际通C,gp,2020年1季度股票投资明细,2020-03-31,	000858,五粮液,1.55%,18.40,"2,119.60"
	005762,招商MSCI中国A股国际通C,gp,2020年1季度股票投资明细,2020-03-31,	600276,恒瑞医药,1.41%,20.98,"1,930.46"
	005762,招商MSCI中国A股国际通C,gp,2020年1季度股票投资明细,2020-03-31,	600900,长江电力,1.32%,104.35,"1,804.16"
	005762,招商MSCI中国A股国际通C,gp,2020年1季度股票投资明细,2020-03-31,	601166,兴业银行,1.15%,98.48,"1,566.82"
	005762,招商MSCI中国A股国际通C,gp,2020年1季度股票投资明细,2020-03-31,	600000,浦发银行,1.03%,139.20,"1,412.85"
	005762,招商MSCI中国A股国际通C,gp,2020年1季度股票投资明细,2020-03-31,	603288,海天味业,0.98%,10.67,"1,335.56"
	005762,招商MSCI中国A股国际通C,gp,2020年1季度股票投资明细,2020-03-31,	601398,工商银行,0.96%,255.74,"1,317.06"
	005747,华安MSCI中国A股联接A,gp,2019年1季度股票投资明细,2019-03-31,	600460,士兰微,0.02%,0.02,0.33
	006699,红土创新沪深300增强C,gp,2020年1季度股票投资明细,2020-03-31,	601816,京沪高铁,9.73%,90.66,509.48
	006699,红土创新沪深300增强C,gp,2020年1季度股票投资明细,2020-03-31,	600276,恒瑞医药,5.36%,3.05,280.51
	006699,红土创新沪深300增强C,gp,2020年1季度股票投资明细,2020-03-31,	600519,贵州茅台,4.46%,0.21,233.31
	006699,红土创新沪深300增强C,gp,2020年1季度股票投资明细,2020-03-31,	601318,中国平安,4.45%,3.37,233.10
	006699,红土创新沪深300增强C,gp,2020年1季度股票投资明细,2020-03-31,	601166,兴业银行,4.26%,14.01,222.90
	006699,红土创新沪深300增强C,gp,2020年1季度股票投资明细,2020-03-31,	000858,五粮液,3.01%,1.37,157.82
	006699,红土创新沪深300增强C,gp,2020年1季度股票投资明细,2020-03-31,	002475,立讯精密,2.59%,3.55,135.47
	006699,红土创新沪深300增强C,gp,2020年1季度股票投资明细,2020-03-31,	601288,农业银行,2.45%,38.14,128.53
	006699,红土创新沪深300增强C,gp,2020年1季度股票投资明细,2020-03-31,	000333,美的集团,2.43%,2.63,127.34
	006699,红土创新沪深300增强C,gp,2020年1季度股票投资明细,2020-03-31,	600048,保利地产,2.27%,7.98,118.66
	001593,天弘创业板ETF联接基金C,gp,2020年1季度股票投资明细,2020-03-31,	300498,温氏股份,0.29%,29.63,957.08
	001593,天弘创业板ETF联接基金C,gp,2020年1季度股票投资明细,2020-03-31,	300760,迈瑞医疗,0.23%,2.87,750.14
	001593,天弘创业板ETF联接基金C,gp,2020年1季度股票投资明细,2020-03-31,	300750,宁德时代,0.22%,5.94,715.37
	001593,天弘创业板ETF联接基金C,gp,2020年1季度股票投资明细,2020-03-31,	300059,东方财富,0.18%,36.60,587.46
	001593,天弘创业板ETF联接基金C,gp,2020年1季度股票投资明细,2020-03-31,	300015,爱尔眼科,0.11%,9.34,367.75
	001593,天弘创业板ETF联接基金C,gp,2020年1季度股票投资明细,2020-03-31,	300003,乐普医疗,0.09%,8.25,298.73
	001593,天弘创业板ETF联接基金C,gp,2020年1季度股票投资明细,2020-03-31,	300142,沃森生物,0.09%,9.12,288.65
	001593,天弘创业板ETF联接基金C,gp,2020年1季度股票投资明细,2020-03-31,	300122,智飞生物,0.08%,3.66,246.51
	001593,天弘创业板ETF联接基金C,gp,2020年1季度股票投资明细,2020-03-31,	300347,泰格医药,0.07%,3.66,234.52
	001593,天弘创业板ETF联接基金C,gp,2020年1季度股票投资明细,2020-03-31,	300601,康泰生物,0.07%,2.02,231.47
	007448,长信沪深300指数增强C,gp,2020年1季度股票投资明细,2020-03-31,	601318,中国平安,4.79%,8.80,608.52
	007448,长信沪深300指数增强C,gp,2020年1季度股票投资明细,2020-03-31,	600276,恒瑞医药,4.36%,6.01,553.16
	007448,长信沪深300指数增强C,gp,2020年1季度股票投资明细,2020-03-31,	601816,京沪高铁,4.01%,90.66,509.48
	007448,长信沪深300指数增强C,gp,2020年1季度股票投资明细,2020-03-31,	601166,兴业银行,3.60%,28.73,457.09
	007448,长信沪深300指数增强C,gp,2020年1季度股票投资明细,2020-03-31,	600016,民生银行,3.11%,69.15,394.85
	007448,长信沪深300指数增强C,gp,2020年1季度股票投资明细,2020-03-31,	300498,温氏股份,2.93%,11.52,372.10
	007448,长信沪深300指数增强C,gp,2020年1季度股票投资明细,2020-03-31,	600031,三一重工,2.75%,20.17,348.94
	007448,长信沪深300指数增强C,gp,2020年1季度股票投资明细,2020-03-31,	000895,双汇发展,2.63%,8.50,334.05
	007448,长信沪深300指数增强C,gp,2020年1季度股票投资明细,2020-03-31,	601012,隆基股份,2.57%,13.14,326.40
	007448,长信沪深300指数增强C,gp,2020年1季度股票投资明细,2020-03-31,	601211,国泰君安,2.56%,19.99,325.44
	166802,浙商沪深300指数增强,gp,2020年1季度股票投资明细,2020-03-31,	601318,中国平安,6.46%,26.03,"1,800.22"
	166802,浙商沪深300指数增强,gp,2020年1季度股票投资明细,2020-03-31,	600519,贵州茅台,5.02%,1.26,"1,397.30"
	166802,浙商沪深300指数增强,gp,2020年1季度股票投资明细,2020-03-31,	600036,招商银行,3.64%,31.43,"1,014.54"
	166802,浙商沪深300指数增强,gp,2020年1季度股票投资明细,2020-03-31,	600276,恒瑞医药,3.25%,9.84,905.68
	166802,浙商沪深300指数增强,gp,2020年1季度股票投资明细,2020-03-31,	600030,中信证券,2.97%,37.39,828.56
	166802,浙商沪深300指数增强,gp,2020年1季度股票投资明细,2020-03-31,	002475,立讯精密,2.56%,18.69,713.36
	166802,浙商沪深300指数增强,gp,2020年1季度股票投资明细,2020-03-31,	601998,中信银行,2.53%,135.99,704.43
	166802,浙商沪深300指数增强,gp,2020年1季度股票投资明细,2020-03-31,	000333,美的集团,2.31%,13.27,642.38
	166802,浙商沪深300指数增强,gp,2020年1季度股票投资明细,2020-03-31,	000858,五粮液,2.12%,5.13,590.46
	166802,浙商沪深300指数增强,gp,2020年1季度股票投资明细,2020-03-31,	601688,华泰证券,1.66%,26.88,463.14
	519935,长信创新驱动股票,gp,2020年1季度股票投资明细,2020-03-31,	002940,昂利康,6.89%,14.56,618.51
	519935,长信创新驱动股票,gp,2020年1季度股票投资明细,2020-03-31,	002212,南洋股份,5.05%,19.64,453.29
	519935,长信创新驱动股票,gp,2020年1季度股票投资明细,2020-03-31,	300059,东方财富,4.42%,24.73,396.92
	519935,长信创新驱动股票,gp,2020年1季度股票投资明细,2020-03-31,	002624,完美世界,3.44%,6.50,309.08
	519935,长信创新驱动股票,gp,2020年1季度股票投资明细,2020-03-31,	300078,思创医惠,3.43%,27.21,307.47
	519935,长信创新驱动股票,gp,2020年1季度股票投资明细,2020-03-31,	002410,广联达,3.39%,7.14,304.66
	519935,长信创新驱动股票,gp,2020年1季度股票投资明细,2020-03-31,	002405,四维图新,3.13%,19.98,281.12
	519935,长信创新驱动股票,gp,2020年1季度股票投资明细,2020-03-31,	000977,浪潮信息,3.08%,7.12,276.11
	519935,长信创新驱动股票,gp,2020年1季度股票投资明细,2020-03-31,	002373,千方科技,2.96%,13.04,266.02
	519935,长信创新驱动股票,gp,2020年1季度股票投资明细,2020-03-31,	600588,用友网络,2.87%,6.36,257.33
	005737,博时上证50ETF联接C,gp,2020年1季度股票投资明细,2020-03-31,	601318,中国平安,0.11%,0.89,61.56
	005737,博时上证50ETF联接C,gp,2020年1季度股票投资明细,2020-03-31,	600276,恒瑞医药,0.10%,0.61,56.14
	005737,博时上证50ETF联接C,gp,2020年1季度股票投资明细,2020-03-31,	600585,海螺水泥,0.06%,0.61,33.61
	005737,博时上证50ETF联接C,gp,2020年1季度股票投资明细,2020-03-31,	600036,招商银行,0.05%,0.91,29.37
	005737,博时上证50ETF联接C,gp,2020年1季度股票投资明细,2020-03-31,	603259,药明康德,0.05%,0.32,28.96
	005737,博时上证50ETF联接C,gp,2020年1季度股票投资明细,2020-03-31,	601166,兴业银行,0.05%,1.64,26.09
	005737,博时上证50ETF联接C,gp,2020年1季度股票投资明细,2020-03-31,	600519,贵州茅台,0.04%,0.02,22.22
	005737,博时上证50ETF联接C,gp,2020年1季度股票投资明细,2020-03-31,	601601,中国太保,0.04%,0.72,20.32
	005737,博时上证50ETF联接C,gp,2020年1季度股票投资明细,2020-03-31,	601012,隆基股份,0.04%,0.79,19.62
	005737,博时上证50ETF联接C,gp,2020年1季度股票投资明细,2020-03-31,	601336,新华保险,0.04%,0.48,19.10
	163407,兴全沪深300指数(LOF)A,gp,2020年1季度股票投资明细,2020-03-31,	601318,中国平安,5.70%,441.09,"30,510.35"
	163407,兴全沪深300指数(LOF)A,gp,2020年1季度股票投资明细,2020-03-31,	601601,中国太保,3.86%,731.38,"20,639.61"
	163407,兴全沪深300指数(LOF)A,gp,2020年1季度股票投资明细,2020-03-31,	600519,贵州茅台,3.28%,15.80,"17,553.80"
	163407,兴全沪深300指数(LOF)A,gp,2020年1季度股票投资明细,2020-03-31,	000895,双汇发展,3.09%,420.75,"16,535.56"
	163407,兴全沪深300指数(LOF)A,gp,2020年1季度股票投资明细,2020-03-31,	002558,巨人网络,2.93%,988.00,"15,666.77"
	163407,兴全沪深300指数(LOF)A,gp,2020年1季度股票投资明细,2020-03-31,	000100,TCL科技,2.90%,"3,918.88","15,528.56"
	163407,兴全沪深300指数(LOF)A,gp,2020年1季度股票投资明细,2020-03-31,	002773,康弘药业,2.81%,385.63,"15,051.79"
	163407,兴全沪深300指数(LOF)A,gp,2020年1季度股票投资明细,2020-03-31,	600036,招商银行,2.46%,408.22,"13,177.34"
	163407,兴全沪深300指数(LOF)A,gp,2020年1季度股票投资明细,2020-03-31,	601336,新华保险,2.41%,323.56,"12,877.52"
	163407,兴全沪深300指数(LOF)A,gp,2020年1季度股票投资明细,2020-03-31,	000938,紫光股份,2.37%,385.00,"12,682.81"
	007549,中泰开阳价值优选混合,hh,2020年1季度股票投资明细,2020-03-31,	002271,东方雨虹,7.98%,23.89,812.98
	007549,中泰开阳价值优选混合,hh,2020年1季度股票投资明细,2020-03-31,	600153,建发股份,7.94%,105.67,808.40
	007549,中泰开阳价值优选混合,hh,2020年1季度股票投资明细,2020-03-31,	002352,顺丰控股,7.86%,16.95,800.72
	007549,中泰开阳价值优选混合,hh,2020年1季度股票投资明细,2020-03-31,	600176,中国巨石,7.66%,98.70,779.73
	007549,中泰开阳价值优选混合,hh,2020年1季度股票投资明细,2020-03-31,	601111,中国国航,7.05%,110.28,717.95
	007549,中泰开阳价值优选混合,hh,2020年1季度股票投资明细,2020-03-31,	002332,仙琚制药,6.67%,48.68,679.57
	007549,中泰开阳价值优选混合,hh,2020年1季度股票投资明细,2020-03-31,	603444,吉比特,6.65%,1.65,677.14
	007549,中泰开阳价值优选混合,hh,2020年1季度股票投资明细,2020-03-31,	600029,南方航空,5.57%,110.04,566.71
	007549,中泰开阳价值优选混合,hh,2020年1季度股票投资明细,2020-03-31,	600585,海螺水泥,5.03%,9.30,512.59
	007549,中泰开阳价值优选混合,hh,2020年1季度股票投资明细,2020-03-31,	300144,宋城演艺,5.00%,20.40,509.58
	004342,南方沪深300联接基金C,gp,2020年1季度股票投资明细,2020-03-31,	601318,中国平安,0.13%,2.12,146.50
	004342,南方沪深300联接基金C,gp,2020年1季度股票投资明细,2020-03-31,	600519,贵州茅台,0.10%,0.10,111.10
	004342,南方沪深300联接基金C,gp,2020年1季度股票投资明细,2020-03-31,	600036,招商银行,0.06%,2.03,65.53
	004342,南方沪深300联接基金C,gp,2020年1季度股票投资明细,2020-03-31,	600276,恒瑞医药,0.05%,0.61,55.84
	004342,南方沪深300联接基金C,gp,2020年1季度股票投资明细,2020-03-31,	601166,兴业银行,0.04%,3.06,48.68
	004342,南方沪深300联接基金C,gp,2020年1季度股票投资明细,2020-03-31,	000651,格力电器,0.04%,0.81,42.28
	004342,南方沪深300联接基金C,gp,2020年1季度股票投资明细,2020-03-31,	000333,美的集团,0.04%,0.82,39.70
	004342,南方沪深300联接基金C,gp,2020年1季度股票投资明细,2020-03-31,	600887,伊利股份,0.03%,1.28,38.21
	004342,南方沪深300联接基金C,gp,2020年1季度股票投资明细,2020-03-31,	000858,五粮液,0.03%,0.33,38.07
	004342,南方沪深300联接基金C,gp,2020年1季度股票投资明细,2020-03-31,	600030,中信证券,0.03%,1.72,38.05
